pedestrianId simTime groupId-PID5
1 0.4 1
2 0.4 1
3 0.4 1
4 0.4 1
5 0.4 1
6 0.4 1
7 0.4 1
8 0.4 1
9 0.4 1
10 0.4 1
11 0.4 1
12 0.4 1
13 0.4 1
14 0.4 1
15 0.4 1
16 0.4 1
17 0.4 1
18 0.4 1
19 0.4 1
20 0.4 1
21 0.4 1
22 0.4 1
23 0.4 1
24 0.4 1
2 0.9 1
5 0.9 1
9 0.9 1
10 0.9 1
13 0.9 1
16 0.9 1
20 0.9 1
3 1.0 1
6 1.0 1
7 1.0 1
8 1.0 1
11 1.0 1
12 1.0 1
14 1.0 1
15 1.0 1
17 1.0 1
18 1.0 1
19 1.0 1
21 1.0 1
22 1.0 1
23 1.0 1
24 1.0 1
1 1.1 1
4 1.2 1
9 1.3 1
2 1.4 1
5 1.5 1
6 1.5 1
10 1.5 1
13 1.5 1
16 1.5 1
20 1.5 1
3 1.6 1
7 1.6 1
8 1.6 1
11 1.6 1
12 1.6 1
14 1.6 1
17 1.6 1
18 1.6 1
19 1.6 1
21 1.6 1
22 1.6 1
24 1.6 1
1 1.7 1
15 1.7 1
23 1.7 1
2 1.8 1
9 1.8 1
4 2.0 1
5 2.0 1
10 2.0 1
13 2.0 1
16 2.0 1
20 2.0 1
6 2.1 1
8 2.1 1
12 2.1 1
22 2.1 1
24 2.1 1
3 2.2 1
7 2.2 1
9 2.2 1
14 2.2 1
17 2.2 1
18 2.2 1
2 2.3 1
11 2.3 1
15 2.3 1
19 2.3 1
21 2.3 1
23 2.3 1
1 2.4 1
10 2.5 1
16 2.5 1
5 2.6 1
13 2.6 1
20 2.6 1
6 2.7 1
7 2.7 1
8 2.7 1
9 2.7 1
12 2.7 1
17 2.7 1
22 2.7 1
24 2.7 1
2 2.8 1
3 2.8 1
4 2.8 1
14 2.8 1
18 2.8 1
11 2.9 1
19 2.9 1
21 2.9 1
1 3.0 1
15 3.0 1
16 3.0 1
23 3.0 1
5 3.1 1
9 3.1 1
10 3.1 1
13 3.1 1
20 3.1 1
6 3.2 1
2 3.3 1
7 3.3 1
8 3.3 1
12 3.3 1
17 3.3 1
22 3.3 1
24 3.3 1
3 3.4 1
18 3.4 1
11 3.5 1
14 3.5 1
19 3.5 1
21 3.5 1
4 3.6 1
9 3.6 1
10 3.6 1
15 3.6 1
16 3.6 1
20 3.6 1
23 3.6 1
1 3.7 1
2 3.7 1
5 3.7 1
13 3.7 1
6 3.8 1
7 3.9 1
8 3.9 1
12 3.9 1
17 3.9 1
18 3.9 1
22 3.9 1
24 3.9 1
3 4.0 1
9 4.0 1
11 4.1 1
14 4.1 1
16 4.1 1
19 4.1 1
21 4.1 1
2 4.2 1
5 4.2 1
10 4.2 1
13 4.2 1
20 4.2 1
23 4.2 1
1 4.3 1
15 4.3 1
4 4.4 1
6 4.4 1
22 4.4 1
7 4.5 1
8 4.5 1
9 4.5 1
12 4.5 1
17 4.5 1
18 4.5 1
24 4.5 1
3 4.6 1
16 4.6 1
2 4.7 1
10 4.7 1
13 4.7 1
14 4.7 1
20 4.7 1
21 4.7 1
5 4.8 1
11 4.8 1
19 4.8 1
9 4.9 1
15 4.9 1
23 4.9 1
1 5.0 1
6 5.0 1
8 5.0 1
12 5.0 1
22 5.0 1
24 5.0 1
7 5.1 1
17 5.1 1
18 5.1 1
2 5.2 1
3 5.2 1
10 5.2 1
16 5.2 1
20 5.2 1
4 5.3 1
5 5.3 1
13 5.3 1
14 5.3 1
21 5.3 1
9 5.4 1
11 5.4 1
19 5.4 1
6 5.5 1
23 5.5 1
8 5.6 1
12 5.6 1
15 5.6 1
22 5.6 1
24 5.6 1
1 5.7 1
2 5.7 1
7 5.7 1
16 5.7 1
17 5.7 1
18 5.7 1
3 5.8 1
10 5.8 1
13 5.8 1
20 5.8 1
5 5.9 1
9 5.9 1
14 5.9 1
11 6.0 1
19 6.0 1
21 6.0 1
2 6.1 1
4 6.1 1
6 6.1 1
8 6.2 1
12 6.2 1
15 6.2 1
16 6.2 1
22 6.2 1
23 6.2 1
24 6.2 1
1 6.3 1
7 6.3 1
9 6.3 1
10 6.3 1
17 6.3 1
18 6.3 1
20 6.3 1
3 6.4 1
5 6.4 1
13 6.4 1
14 6.5 1
2 6.6 1
11 6.6 1
19 6.6 1
21 6.6 1
6 6.7 1
16 6.7 1
7 6.8 1
8 6.8 1
9 6.8 1
10 6.8 1
12 6.8 1
17 6.8 1
22 6.8 1
23 6.8 1
24 6.8 1
4 6.9 1
13 6.9 1
15 6.9 1
18 6.9 1
20 6.9 1
1 7.0 1
3 7.0 1
5 7.0 1
2 7.1 1
14 7.1 1
6 7.2 1
9 7.2 1
19 7.2 1
21 7.2 1
11 7.3 1
12 7.3 1
16 7.3 1
22 7.3 1
7 7.4 1
8 7.4 1
10 7.4 1
17 7.4 1
20 7.4 1
23 7.4 1
24 7.4 1
5 7.5 1
13 7.5 1
15 7.5 1
18 7.5 1
1 7.6 1
2 7.6 1
3 7.6 1
4 7.7 1
9 7.7 1
14 7.7 1
6 7.8 1
16 7.8 1
21 7.8 1
10 7.9 1
11 7.9 1
12 7.9 1
19 7.9 1
20 7.9 1
22 7.9 1
24 7.9 1
2 8.0 1
7 8.0 1
8 8.0 1
13 8.0 1
17 8.0 1
5 8.1 1
9 8.1 1
18 8.1 1
23 8.1 1
3 8.2 1
15 8.2 1
1 8.3 1
16 8.3 1
6 8.4 1
14 8.4 1
21 8.4 1
2 8.5 1
4 8.5 1
8 8.5 1
10 8.5 1
11 8.5 1
12 8.5 1
13 8.5 1
19 8.5 1
20 8.5 1
22 8.5 1
24 8.5 1
5 8.6 1
7 8.6 1
9 8.6 1
17 8.6 1
18 8.7 1
23 8.7 1
3 8.8 1
15 8.8 1
16 8.8 1
1 8.9 1
6 8.9 1
2 9.0 1
9 9.0 1
10 9.0 1
14 9.0 1
20 9.0 1
21 9.0 1
8 9.1 1
11 9.1 1
12 9.1 1
13 9.1 1
19 9.1 1
22 9.1 1
24 9.1 1
5 9.2 1
7 9.2 1
17 9.2 1
4 9.3 1
18 9.3 1
3 9.4 1
16 9.4 1
23 9.4 1
2 9.5 1
6 9.5 1
9 9.5 1
10 9.5 1
15 9.5 1
20 9.5 1
1 9.6 1
13 9.6 1
14 9.6 1
22 9.6 1
5 9.7 1
8 9.7 1
12 9.7 1
19 9.7 1
21 9.7 1
24 9.7 1
7 9.8 1
11 9.8 1
17 9.8 1
9 9.9 1
16 9.9 1
18 9.9 1
2 10.0 1
3 10.0 1
23 10.0 1
4 10.1 1
6 10.1 1
10 10.1 1
15 10.1 1
20 10.1 1
12 10.2 1
13 10.2 1
14 10.2 1
22 10.2 1
1 10.3 1
5 10.3 1
8 10.3 1
21 10.3 1
24 10.3 1
2 10.4 1
7 10.4 1
9 10.4 1
11 10.4 1
16 10.4 1
17 10.4 1
19 10.4 1
18 10.5 1
3 10.6 1
10 10.6 1
20 10.6 1
23 10.6 1
6 10.7 1
13 10.7 1
5 10.8 1
12 10.8 1
14 10.8 1
15 10.8 1
22 10.8 1
24 10.8 1
1 10.9 1
2 10.9 1
4 10.9 1
7 10.9 1
8 10.9 1
9 10.9 1
17 10.9 1
21 10.9 1
11 11.0 1
16 11.0 1
18 11.0 1
19 11.0 1
10 11.1 1
3 11.2 1
6 11.2 1
20 11.2 1
9 11.3 1
13 11.3 1
23 11.3 1
2 11.4 1
5 11.4 1
8 11.4 1
12 11.4 1
14 11.4 1
15 11.4 1
22 11.4 1
24 11.4 1
7 11.5 1
16 11.5 1
17 11.5 1
21 11.5 1
1 11.6 1
11 11.6 1
18 11.6 1
19 11.6 1
4 11.7 1
10 11.7 1
20 11.7 1
3 11.8 1
6 11.8 1
9 11.8 1
13 11.8 1
2 11.9 1
5 11.9 1
23 11.9 1
8 12.0 1
12 12.0 1
14 12.0 1
16 12.0 1
22 12.0 1
24 12.0 1
7 12.1 1
15 12.1 1
17 12.1 1
21 12.1 1
1 12.2 1
9 12.2 1
10 12.2 1
18 12.2 1
19 12.2 1
20 12.2 1
2 12.3 1
11 12.3 1
13 12.3 1
3 12.4 1
5 12.4 1
6 12.4 1
4 12.5 1
16 12.5 1
22 12.5 1
8 12.6 1
12 12.6 1
14 12.6 1
23 12.6 1
24 12.6 1
7 12.7 1
9 12.7 1
15 12.7 1
17 12.7 1
21 12.7 1
2 12.8 1
10 12.8 1
18 12.8 1
19 12.8 1
20 12.8 1
1 12.9 1
6 12.9 1
11 12.9 1
13 12.9 1
3 13.0 1
5 13.0 1
9 13.1 1
12 13.1 1
16 13.1 1
22 13.1 1
8 13.2 1
23 13.2 1
24 13.2 1
2 13.3 1
4 13.3 1
7 13.3 1
10 13.3 1
14 13.3 1
17 13.3 1
20 13.3 1
13 13.4 1
15 13.4 1
18 13.4 1
21 13.4 1
1 13.5 1
5 13.5 1
6 13.5 1
11 13.5 1
19 13.5 1
3 13.6 1
9 13.6 1
16 13.6 1
12 13.7 1
22 13.7 1
24 13.7 1
2 13.8 1
8 13.8 1
10 13.8 1
23 13.8 1
7 13.9 1
14 13.9 1
17 13.9 1
20 13.9 1
9 14.0 1
13 14.0 1
15 14.0 1
18 14.0 1
21 14.0 1
4 14.1 1
5 14.1 1
6 14.1 1
11 14.1 1
16 14.1 1
19 14.1 1
1 14.2 1
3 14.2 1
2 14.3 1
8 14.3 1
12 14.3 1
22 14.3 1
24 14.3 1
7 14.4 1
10 14.4 1
20 14.4 1
9 14.5 1
13 14.5 1
14 14.5 1
17 14.5 1
23 14.5 1
5 14.6 1
6 14.6 1
18 14.6 1
21 14.6 1
2 14.7 1
15 14.7 1
16 14.7 1
19 14.7 1
1 14.8 1
3 14.8 1
11 14.8 1
22 14.8 1
8 14.9 1
9 14.9 1
10 14.9 1
12 14.9 1
20 14.9 1
24 14.9 1
4 15.0 1
7 15.0 1
17 15.0 1
13 15.1 1
14 15.1 1
23 15.1 1
2 15.2 1
5 15.2 1
6 15.2 1
16 15.2 1
18 15.2 1
21 15.2 1
15 15.3 1
19 15.3 1
3 15.4 1
9 15.4 1
10 15.4 1
11 15.4 1
22 15.4 1
1 15.5 1
8 15.5 1
12 15.5 1
20 15.5 1
24 15.5 1
7 15.6 1
13 15.6 1
17 15.6 1
2 15.7 1
5 15.7 1
14 15.7 1
16 15.7 1
4 15.8 1
6 15.8 1
18 15.8 1
21 15.8 1
23 15.8 1
9 15.9 1
3 16.0 1
10 16.0 1
11 16.0 1
12 16.0 1
15 16.0 1
19 16.0 1
20 16.0 1
22 16.0 1
8 16.1 1
13 16.1 1
24 16.1 1
1 16.2 1
2 16.2 1
7 16.2 1
16 16.2 1
17 16.2 1
5 16.3 1
9 16.3 1
14 16.3 1
6 16.4 1
18 16.4 1
21 16.4 1
23 16.4 1
10 16.5 1
20 16.5 1
2 16.6 1
3 16.6 1
4 16.6 1
11 16.6 1
12 16.6 1
15 16.6 1
19 16.6 1
22 16.6 1
8 16.7 1
13 16.7 1
24 16.7 1
1 16.8 1
5 16.8 1
7 16.8 1
9 16.8 1
16 16.8 1
17 16.8 1
6 16.9 1
14 16.9 1
10 17.0 1
18 17.0 1
2 17.1 1
20 17.1 1
21 17.1 1
23 17.1 1
3 17.2 1
9 17.2 1
12 17.2 1
13 17.2 1
19 17.2 1
22 17.2 1
24 17.2 1
8 17.3 1
11 17.3 1
15 17.3 1
16 17.3 1
4 17.4 1
5 17.4 1
7 17.4 1
17 17.4 1
1 17.5 1
6 17.5 1
14 17.5 1
2 17.6 1
10 17.6 1
18 17.6 1
20 17.6 1
9 17.7 1
21 17.7 1
22 17.7 1
23 17.7 1
3 17.8 1
8 17.8 1
12 17.8 1
13 17.8 1
16 17.8 1
19 17.8 1
24 17.8 1
5 17.9 1
11 17.9 1
15 17.9 1
7 18.0 1
17 18.0 1
1 18.1 1
2 18.1 1
6 18.1 1
9 18.1 1
10 18.1 1
18 18.1 1
4 18.2 1
14 18.2 1
20 18.2 1
13 18.3 1
21 18.3 1
22 18.3 1
23 18.3 1
3 18.4 1
8 18.4 1
12 18.4 1
16 18.4 1
24 18.4 1
2 18.5 1
5 18.5 1
7 18.5 1
11 18.5 1
19 18.5 1
6 18.6 1
9 18.6 1
15 18.6 1
17 18.6 1
10 18.7 1
18 18.7 1
20 18.7 1
1 18.8 1
14 18.8 1
12 18.9 1
13 18.9 1
16 18.9 1
21 18.9 1
22 18.9 1
2 19.0 1
3 19.0 1
4 19.0 1
5 19.0 1
8 19.0 1
9 19.0 1
23 19.0 1
24 19.0 1
7 19.1 1
11 19.1 1
19 19.1 1
6 19.2 1
10 19.2 1
15 19.2 1
17 19.2 1
20 19.2 1
18 19.3 1
1 19.4 1
13 19.4 1
14 19.4 1
16 19.4 1
2 19.5 1
9 19.5 1
12 19.5 1
21 19.5 1
22 19.5 1
3 19.6 1
5 19.6 1
8 19.6 1
23 19.6 1
24 19.6 1
7 19.7 1
10 19.7 1
17 19.7 1
19 19.7 1
4 19.8 1
6 19.8 1
11 19.8 1
20 19.8 1
9 19.9 1
15 19.9 1
16 19.9 1
18 19.9 1
2 20.0 1
13 20.0 1
14 20.0 1
22 20.0 1
1 20.1 1
5 20.1 1
12 20.1 1
21 20.1 1
24 20.1 1
3 20.2 1
8 20.2 1
6 20.3 1
7 20.3 1
10 20.3 1
17 20.3 1
19 20.3 1
20 20.3 1
23 20.3 1
9 20.4 1
11 20.4 1
2 20.5 1
13 20.5 1
15 20.5 1
16 20.5 1
18 20.5 1
4 20.6 1
14 20.6 1
22 20.6 1
5 20.7 1
8 20.7 1
12 20.7 1
24 20.7 1
1 20.8 1
3 20.8 1
10 20.8 1
20 20.8 1
21 20.8 1
2 20.9 1
6 20.9 1
7 20.9 1
9 20.9 1
17 20.9 1
19 20.9 1
23 20.9 1
11 21.0 1
13 21.0 1
16 21.0 1
18 21.1 1
5 21.2 1
12 21.2 1
14 21.2 1
15 21.2 1
22 21.2 1
8 21.3 1
9 21.3 1
10 21.3 1
24 21.3 1
1 21.4 1
2 21.4 1
3 21.4 1
4 21.4 1
20 21.4 1
21 21.4 1
6 21.5 1
7 21.5 1
16 21.5 1
17 21.5 1
23 21.5 1
11 21.6 1
13 21.6 1
19 21.6 1
18 21.7 1
5 21.8 1
9 21.8 1
12 21.8 1
14 21.8 1
15 21.8 1
22 21.8 1
2 21.9 1
8 21.9 1
10 21.9 1
20 21.9 1
24 21.9 1
3 22.0 1
6 22.0 1
21 22.0 1
1 22.1 1
7 22.1 1
13 22.1 1
16 22.1 1
17 22.1 1
4 22.2 1
9 22.2 1
19 22.2 1
23 22.2 1
5 22.3 1
11 22.3 1
18 22.3 1
2 22.4 1
10 22.4 1
12 22.4 1
14 22.4 1
22 22.4 1
8 22.5 1
15 22.5 1
20 22.5 1
24 22.5 1
3 22.6 1
6 22.6 1
7 22.6 1
16 22.6 1
21 22.6 1
1 22.7 1
9 22.7 1
13 22.7 1
17 22.7 1
2 22.8 1
5 22.8 1
19 22.8 1
23 22.8 1
11 22.9 1
18 22.9 1
22 22.9 1
4 23.0 1
10 23.0 1
12 23.0 1
20 23.0 1
24 23.0 1
8 23.1 1
9 23.1 1
14 23.1 1
15 23.1 1
16 23.1 1
3 23.2 1
6 23.2 1
7 23.2 1
13 23.2 1
21 23.2 1
2 23.3 1
17 23.3 1
1 23.4 1
5 23.4 1
19 23.4 1
10 23.5 1
11 23.5 1
18 23.5 1
20 23.5 1
22 23.5 1
23 23.5 1
8 23.6 1
9 23.6 1
12 23.6 1
16 23.6 1
24 23.6 1
14 23.7 1
2 23.8 1
3 23.8 1
4 23.8 1
6 23.8 1
7 23.8 1
13 23.8 1
15 23.8 1
17 23.8 1
21 23.8 1
5 23.9 1
1 24.0 1
9 24.0 1
10 24.0 1
11 24.1 1
12 24.1 1
18 24.1 1
19 24.1 1
20 24.1 1
22 24.1 1
23 24.1 1
8 24.2 1
16 24.2 1
24 24.2 1
2 24.3 1
6 24.3 1
13 24.3 1
14 24.3 1
3 24.4 1
7 24.4 1
15 24.4 1
17 24.4 1
5 24.5 1
9 24.5 1
21 24.5 1
10 24.6 1
20 24.6 1
1 24.7 1
4 24.7 1
12 24.7 1
16 24.7 1
18 24.7 1
19 24.7 1
22 24.7 1
23 24.7 1
2 24.8 1
8 24.8 1
11 24.8 1
13 24.8 1
24 24.8 1
6 24.9 1
9 24.9 1
14 24.9 1
3 25.0 1
5 25.0 1
7 25.0 1
17 25.0 1
10 25.1 1
15 25.1 1
21 25.1 1
2 25.2 1
16 25.2 1
18 25.2 1
20 25.2 1
22 25.2 1
12 25.3 1
19 25.3 1
1 25.4 1
8 25.4 1
9 25.4 1
11 25.4 1
13 25.4 1
23 25.4 1
24 25.4 1
4 25.5 1
6 25.5 1
14 25.5 1
3 25.6 1
5 25.6 1
7 25.6 1
10 25.6 1
17 25.6 1
2 25.7 1
15 25.7 1
16 25.7 1
20 25.7 1
21 25.7 1
18 25.8 1
22 25.8 1
9 25.9 1
12 25.9 1
13 25.9 1
19 25.9 1
24 25.9 1
1 26.0 1
6 26.0 1
8 26.0 1
11 26.0 1
23 26.0 1
5 26.1 1
14 26.1 1
2 26.2 1
3 26.2 1
7 26.2 1
10 26.2 1
17 26.2 1
20 26.2 1
4 26.3 1
9 26.3 1
16 26.3 1
21 26.3 1
15 26.4 1
18 26.4 1
22 26.4 1
12 26.5 1
13 26.5 1
19 26.5 1
24 26.5 1
6 26.6 1
8 26.6 1
11 26.6 1
1 26.7 1
2 26.7 1
5 26.7 1
7 26.7 1
10 26.7 1
14 26.7 1
23 26.7 1
3 26.8 1
9 26.8 1
16 26.8 1
17 26.8 1
20 26.8 1
21 26.9 1
12 27.0 1
13 27.0 1
15 27.0 1
18 27.0 1
22 27.0 1
2 27.1 1
4 27.1 1
8 27.1 1
24 27.1 1
5 27.2 1
6 27.2 1
9 27.2 1
19 27.2 1
1 27.3 1
7 27.3 1
10 27.3 1
11 27.3 1
14 27.3 1
16 27.3 1
20 27.3 1
23 27.3 1
3 27.4 1
17 27.4 1
21 27.5 1
2 27.6 1
12 27.6 1
13 27.6 1
18 27.6 1
22 27.6 1
6 27.7 1
8 27.7 1
9 27.7 1
15 27.7 1
24 27.7 1
5 27.8 1
10 27.8 1
19 27.8 1
20 27.8 1
4 27.9 1
7 27.9 1
11 27.9 1
16 27.9 1
17 27.9 1
23 27.9 1
1 28.0 1
3 28.0 1
14 28.0 1
2 28.1 1
9 28.1 1
13 28.1 1
22 28.1 1
12 28.2 1
18 28.2 1
21 28.2 1
5 28.3 1
6 28.3 1
8 28.3 1
10 28.3 1
15 28.3 1
24 28.3 1
16 28.4 1
19 28.4 1
20 28.4 1
7 28.5 1
11 28.5 1
17 28.5 1
1 28.6 1
2 28.6 1
3 28.6 1
9 28.6 1
13 28.6 1
14 28.6 1
23 28.6 1
4 28.7 1
22 28.7 1
12 28.8 1
18 28.8 1
21 28.8 1
24 28.8 1
5 28.9 1
6 28.9 1
8 28.9 1
10 28.9 1
16 28.9 1
20 28.9 1
9 29.0 1
15 29.0 1
19 29.0 1
2 29.1 1
7 29.1 1
11 29.1 1
17 29.1 1
3 29.2 1
13 29.2 1
14 29.2 1
23 29.2 1
1 29.3 1
22 29.3 1
5 29.4 1
10 29.4 1
12 29.4 1
16 29.4 1
18 29.4 1
21 29.4 1
24 29.4 1
2 29.5 1
4 29.5 1
6 29.5 1
8 29.5 1
9 29.5 1
20 29.5 1
15 29.6 1
7 29.7 1
13 29.7 1
17 29.7 1
19 29.7 1
3 29.8 1
11 29.8 1
14 29.8 1
9 29.9 1
10 29.9 1
12 29.9 1
22 29.9 1
23 29.9 1
1 30.0 1
2 30.0 1
5 30.0 1
6 30.0 1
8 30.0 1
16 30.0 1
18 30.0 1
20 30.0 1
21 30.0 1
24 30.0 1
4 30.3 1
7 30.3 1
13 30.3 1
15 30.3 1
17 30.3 1
19 30.3 1
3 30.4 1
9 30.4 1
11 30.4 1
14 30.4 1
22 30.4 1
2 30.5 1
5 30.5 1
10 30.5 1
12 30.5 1
16 30.5 1
20 30.5 1
23 30.5 1
1 30.6 1
6 30.6 1
8 30.6 1
18 30.6 1
21 30.6 1
24 30.6 1
7 30.8 1
13 30.8 1
9 30.9 1
15 30.9 1
17 30.9 1
19 30.9 1
2 31.0 1
3 31.0 1
10 31.0 1
11 31.0 1
14 31.0 1
16 31.0 1
22 31.0 1
4 31.1 1
5 31.1 1
12 31.1 1
20 31.1 1
23 31.1 1
6 31.2 1
8 31.2 1
18 31.2 1
21 31.2 1
24 31.2 1
1 31.3 1
9 31.3 1
2 31.4 1
7 31.4 1
13 31.4 1
10 31.5 1
17 31.5 1
19 31.5 1
3 31.6 1
5 31.6 1
11 31.6 1
14 31.6 1
15 31.6 1
16 31.6 1
20 31.6 1
22 31.6 1
6 31.7 1
12 31.7 1
24 31.7 1
8 31.8 1
9 31.8 1
18 31.8 1
23 31.8 1
1 31.9 1
2 31.9 1
4 31.9 1
13 31.9 1
21 31.9 1
7 32.0 1
17 32.0 1
10 32.1 1
16 32.1 1
19 32.1 1
20 32.1 1
3 32.2 1
5 32.2 1
9 32.2 1
11 32.2 1
12 32.2 1
14 32.2 1
15 32.2 1
22 32.2 1
6 32.3 1
18 32.3 1
24 32.3 1
2 32.4 1
8 32.4 1
13 32.4 1
23 32.4 1
21 32.5 1
1 32.6 1
7 32.6 1
10 32.6 1
16 32.6 1
17 32.6 1
4 32.7 1
5 32.7 1
9 32.7 1
20 32.7 1
3 32.8 1
12 32.8 1
14 32.8 1
19 32.8 1
22 32.8 1
2 32.9 1
6 32.9 1
8 32.9 1
11 32.9 1
15 32.9 1
18 32.9 1
24 32.9 1
13 33.0 1
9 33.1 1
16 33.1 1
21 33.1 1
23 33.1 1
1 33.2 1
7 33.2 1
10 33.2 1
17 33.2 1
20 33.2 1
5 33.3 1
22 33.3 1
2 33.4 1
3 33.4 1
6 33.4 1
12 33.4 1
19 33.4 1
4 33.5 1
8 33.5 1
11 33.5 1
13 33.5 1
14 33.5 1
15 33.5 1
18 33.5 1
24 33.5 1
9 33.6 1
10 33.7 1
16 33.7 1
21 33.7 1
23 33.7 1
2 33.8 1
5 33.8 1
7 33.8 1
17 33.8 1
20 33.8 1
1 33.9 1
22 33.9 1
3 34.0 1
6 34.0 1
9 34.0 1
12 34.0 1
19 34.0 1
8 34.1 1
11 34.1 1
13 34.1 1
14 34.1 1
18 34.1 1
24 34.1 1
10 34.2 1
15 34.2 1
16 34.2 1
2 34.3 1
5 34.3 1
20 34.3 1
21 34.3 1
23 34.3 1
4 34.4 1
7 34.4 1
17 34.4 1
9 34.5 1
22 34.5 1
1 34.6 1
3 34.6 1
6 34.6 1
12 34.6 1
13 34.6 1
19 34.6 1
24 34.6 1
8 34.7 1
11 34.7 1
14 34.7 1
16 34.7 1
18 34.7 1
2 34.8 1
10 34.8 1
15 34.8 1
20 34.8 1
5 34.9 1
7 34.9 1
9 34.9 1
17 35.0 1
21 35.0 1
23 35.0 1
12 35.1 1
22 35.1 1
1 35.2 1
3 35.2 1
4 35.2 1
6 35.2 1
13 35.2 1
24 35.2 1
2 35.3 1
8 35.3 1
10 35.3 1
14 35.3 1
16 35.3 1
18 35.3 1
19 35.3 1
5 35.4 1
9 35.4 1
11 35.4 1
20 35.4 1
7 35.5 1
15 35.5 1
17 35.6 1
21 35.6 1
22 35.6 1
23 35.6 1
2 35.7 1
6 35.7 1
12 35.7 1
13 35.7 1
3 35.8 1
10 35.8 1
16 35.8 1
24 35.8 1
1 35.9 1
8 35.9 1
9 35.9 1
14 35.9 1
18 35.9 1
19 35.9 1
20 35.9 1
4 36.0 1
5 36.0 1
11 36.0 1
7 36.1 1
15 36.1 1
17 36.1 1
2 36.2 1
13 36.2 1
21 36.2 1
22 36.2 1
6 36.3 1
9 36.3 1
12 36.3 1
16 36.3 1
23 36.3 1
3 36.4 1
8 36.4 1
10 36.4 1
24 36.4 1
1 36.5 1
5 36.5 1
14 36.5 1
18 36.5 1
19 36.5 1
20 36.5 1
11 36.6 1
2 36.7 1
7 36.7 1
17 36.7 1
4 36.8 1
9 36.8 1
13 36.8 1
15 36.8 1
16 36.8 1
21 36.8 1
22 36.8 1
6 36.9 1
10 36.9 1
12 36.9 1
23 36.9 1
3 37.0 1
8 37.0 1
20 37.0 1
24 37.0 1
5 37.1 1
14 37.1 1
18 37.1 1
19 37.1 1
1 37.2 1
2 37.2 1
9 37.2 1
11 37.2 1
7 37.3 1
13 37.3 1
17 37.3 1
6 37.4 1
15 37.4 1
16 37.4 1
21 37.4 1
22 37.4 1
10 37.5 1
12 37.5 1
20 37.5 1
23 37.5 1
24 37.5 1
3 37.6 1
4 37.6 1
5 37.6 1
8 37.6 1
2 37.7 1
9 37.7 1
14 37.7 1
18 37.7 1
19 37.7 1
1 37.8 1
7 37.9 1
11 37.9 1
13 37.9 1
16 37.9 1
17 37.9 1
6 38.0 1
10 38.0 1
12 38.0 1
21 38.0 1
22 38.0 1
2 38.1 1
9 38.1 1
15 38.1 1
20 38.1 1
24 38.1 1
3 38.2 1
5 38.2 1
8 38.2 1
23 38.2 1
18 38.3 1
4 38.4 1
7 38.4 1
13 38.4 1
14 38.4 1
16 38.4 1
19 38.4 1
1 38.5 1
10 38.5 1
11 38.5 1
17 38.5 1
22 38.5 1
2 38.6 1
6 38.6 1
9 38.6 1
12 38.6 1
20 38.6 1
5 38.7 1
15 38.7 1
21 38.7 1
24 38.7 1
3 38.8 1
8 38.8 1
23 38.8 1
18 38.9 1
7 39.0 1
9 39.0 1
13 39.0 1
14 39.0 1
16 39.0 1
19 39.0 1
1 39.1 1
2 39.1 1
6 39.1 1
10 39.1 1
11 39.1 1
17 39.1 1
20 39.1 1
22 39.1 1
4 39.2 1
12 39.2 1
5 39.3 1
8 39.3 1
15 39.3 1
21 39.3 1
24 39.3 1
3 39.4 1
18 39.4 1
9 39.5 1
13 39.5 1
16 39.5 1
23 39.5 1
2 39.6 1
7 39.6 1
10 39.6 1
14 39.6 1
19 39.6 1
6 39.7 1
11 39.7 1
17 39.7 1
20 39.7 1
22 39.7 1
1 39.8 1
5 39.8 1
12 39.8 1
8 39.9 1
9 39.9 1
21 39.9 1
24 39.9 1
2 40.0 1
3 40.0 1
4 40.0 1
13 40.0 1
15 40.0 1
16 40.0 1
18 40.0 1
10 40.1 1
23 40.1 1
7 40.2 1
14 40.2 1
17 40.2 1
19 40.2 1
20 40.2 1
6 40.3 1
22 40.3 1
5 40.4 1
9 40.4 1
11 40.4 1
12 40.4 1
24 40.4 1
1 40.5 1
2 40.5 1
8 40.5 1
16 40.5 1
21 40.5 1
3 40.6 1
13 40.6 1
15 40.6 1
18 40.6 1
10 40.7 1
23 40.7 1
4 40.8 1
6 40.8 1
7 40.8 1
14 40.8 1
17 40.8 1
20 40.8 1
22 40.8 1
5 40.9 1
9 40.9 1
12 40.9 1
19 40.9 1
2 41.0 1
11 41.0 1
24 41.0 1
1 41.1 1
8 41.1 1
13 41.1 1
16 41.1 1
21 41.1 1
3 41.2 1
10 41.2 1
18 41.2 1
9 41.3 1
15 41.3 1
20 41.3 1
6 41.4 1
7 41.4 1
14 41.4 1
17 41.4 1
22 41.4 1
23 41.4 1
2 41.5 1
5 41.5 1
12 41.5 1
19 41.5 1
4 41.6 1
11 41.6 1
16 41.6 1
24 41.6 1
8 41.7 1
13 41.7 1
21 41.7 1
1 41.8 1
3 41.8 1
9 41.8 1
10 41.8 1
18 41.8 1
20 41.8 1
15 41.9 1
2 42.0 1
5 42.0 1
6 42.0 1
7 42.0 1
14 42.0 1
17 42.0 1
22 42.0 1
23 42.0 1
12 42.1 1
16 42.1 1
19 42.1 1
8 42.2 1
9 42.2 1
11 42.2 1
13 42.2 1
24 42.2 1
10 42.3 1
1 42.4 1
2 42.4 1
3 42.4 1
4 42.4 1
18 42.4 1
20 42.4 1
21 42.4 1
7 42.5 1
5 42.6 1
6 42.6 1
14 42.6 1
15 42.6 1
16 42.6 1
17 42.6 1
22 42.6 1
9 42.7 1
12 42.7 1
19 42.7 1
23 42.7 1
8 42.8 1
10 42.8 1
13 42.8 1
24 42.8 1
2 42.9 1
11 42.9 1
20 42.9 1
3 43.0 1
18 43.0 1
21 43.0 1
1 43.1 1
5 43.1 1
6 43.1 1
7 43.1 1
9 43.1 1
4 43.2 1
15 43.2 1
16 43.2 1
17 43.2 1
22 43.2 1
12 43.3 1
13 43.3 1
14 43.3 1
19 43.3 1
23 43.3 1
2 43.4 1
8 43.4 1
10 43.4 1
20 43.4 1
24 43.4 1
11 43.5 1
3 43.6 1
9 43.6 1
18 43.6 1
21 43.6 1
1 43.7 1
5 43.7 1
6 43.7 1
7 43.7 1
16 43.7 1
22 43.7 1
12 43.8 1
13 43.8 1
17 43.8 1
2 43.9 1
10 43.9 1
14 43.9 1
15 43.9 1
24 43.9 1
8 44.0 1
9 44.0 1
19 44.0 1
20 44.0 1
23 44.0 1
4 44.1 1
11 44.1 1
3 44.2 1
5 44.2 1
16 44.2 1
18 44.2 1
21 44.2 1
2 44.3 1
6 44.3 1
7 44.3 1
17 44.3 1
22 44.3 1
1 44.4 1
10 44.4 1
12 44.4 1
13 44.4 1
9 44.5 1
14 44.5 1
15 44.5 1
20 44.5 1
24 44.5 1
8 44.6 1
19 44.6 1
23 44.6 1
5 44.7 1
11 44.7 1
2 44.8 1
3 44.8 1
6 44.8 1
16 44.8 1
18 44.8 1
21 44.8 1
4 44.9 1
7 44.9 1
9 44.9 1
13 44.9 1
17 44.9 1
22 44.9 1
10 45.0 1
12 45.0 1
1 45.1 1
14 45.1 1
20 45.1 1
24 45.1 1
8 45.2 1
15 45.2 1
19 45.2 1
23 45.2 1
2 45.3 1
5 45.3 1
16 45.3 1
3 45.4 1
6 45.4 1
9 45.4 1
11 45.4 1
18 45.4 1
21 45.4 1
7 45.5 1
10 45.5 1
13 45.5 1
17 45.5 1
22 45.5 1
12 45.6 1
20 45.6 1
1 45.7 1
4 45.7 1
8 45.7 1
14 45.7 1
24 45.7 1
2 45.8 1
5 45.8 1
15 45.8 1
16 45.8 1
19 45.8 1
9 45.9 1
23 45.9 1
3 46.0 1
6 46.0 1
10 46.0 1
11 46.0 1
13 46.0 1
18 46.0 1
22 46.0 1
7 46.1 1
12 46.1 1
17 46.1 1
20 46.1 1
21 46.1 1
2 46.3 1
8 46.3 1
9 46.3 1
14 46.3 1
16 46.3 1
24 46.3 1
1 46.4 1
5 46.4 1
4 46.5 1
6 46.5 1
15 46.5 1
18 46.5 1
19 46.5 1
23 46.5 1
3 46.6 1
7 46.6 1
10 46.6 1
11 46.6 1
13 46.6 1
22 46.6 1
2 46.7 1
12 46.7 1
17 46.7 1
20 46.7 1
21 46.7 1
9 46.8 1
24 46.8 1
5 46.9 1
8 46.9 1
14 46.9 1
16 46.9 1
1 47.0 1
6 47.1 1
10 47.1 1
13 47.1 1
15 47.1 1
18 47.1 1
19 47.1 1
2 47.2 1
3 47.2 1
7 47.2 1
9 47.2 1
11 47.2 1
20 47.2 1
22 47.2 1
23 47.2 1
4 47.3 1
12 47.3 1
17 47.3 1
21 47.3 1
16 47.4 1
24 47.4 1
5 47.5 1
8 47.5 1
14 47.5 1
13 47.6 1
1 47.7 1
2 47.7 1
6 47.7 1
9 47.7 1
10 47.7 1
18 47.7 1
19 47.7 1
3 47.8 1
7 47.8 1
15 47.8 1
20 47.8 1
22 47.8 1
23 47.8 1
11 47.9 1
12 47.9 1
16 47.9 1
17 47.9 1
21 47.9 1
5 48.0 1
24 48.0 1
4 48.1 1
8 48.1 1
9 48.1 1
2 48.2 1
10 48.2 1
13 48.2 1
14 48.2 1
1 48.3 1
6 48.3 1
18 48.3 1
19 48.3 1
20 48.3 1
3 48.4 1
7 48.4 1
15 48.4 1
17 48.4 1
22 48.4 1
23 48.4 1
11 48.5 1
12 48.5 1
16 48.5 1
21 48.5 1
2 48.6 1
5 48.6 1
8 48.6 1
9 48.6 1
24 48.6 1
10 48.7 1
13 48.7 1
6 48.8 1
14 48.8 1
20 48.8 1
4 48.9 1
18 48.9 1
22 48.9 1
1 49.0 1
3 49.0 1
7 49.0 1
9 49.0 1
12 49.0 1
16 49.0 1
17 49.0 1
19 49.0 1
2 49.1 1
5 49.1 1
11 49.1 1
15 49.1 1
21 49.1 1
23 49.1 1
8 49.2 1
24 49.2 1
10 49.3 1
13 49.3 1
6 49.4 1
14 49.4 1
20 49.4 1
9 49.5 1
16 49.5 1
18 49.5 1
22 49.5 1
2 49.6 1
3 49.6 1
7 49.6 1
12 49.6 1
17 49.6 1
19 49.6 1
1 49.7 1
4 49.7 1
5 49.7 1
11 49.7 1
15 49.7 1
23 49.7 1
24 49.7 1
8 49.8 1
10 49.8 1
13 49.8 1
21 49.8 1
9 49.9 1
20 49.9 1
6 50.0 1
14 50.0 1
16 50.0 1
2 50.1 1
18 50.1 1
22 50.1 1
3 50.2 1
5 50.2 1
7 50.2 1
12 50.2 1
17 50.2 1
19 50.2 1
1 50.3 1
10 50.3 1
24 50.3 1
8 50.4 1
9 50.4 1
11 50.4 1
13 50.4 1
15 50.4 1
20 50.4 1
21 50.4 1
23 50.4 1
4 50.5 1
6 50.5 1
2 50.6 1
14 50.6 1
16 50.6 1
7 50.7 1
18 50.7 1
22 50.7 1
3 50.8 1
5 50.8 1
12 50.8 1
17 50.8 1
19 50.8 1
9 50.9 1
10 50.9 1
13 50.9 1
24 50.9 1
1 51.0 1
2 51.0 1
8 51.0 1
11 51.0 1
15 51.0 1
20 51.0 1
21 51.0 1
23 51.0 1
6 51.1 1
16 51.1 1
14 51.2 1
22 51.2 1
3 51.3 1
4 51.3 1
5 51.3 1
7 51.3 1
9 51.3 1
18 51.3 1
10 51.4 1
12 51.4 1
17 51.4 1
19 51.4 1
2 51.5 1
8 51.5 1
13 51.5 1
20 51.5 1
24 51.5 1
1 51.6 1
11 51.6 1
16 51.6 1
21 51.6 1
23 51.6 1
6 51.7 1
15 51.7 1
9 51.8 1
14 51.8 1
22 51.8 1
3 51.9 1
5 51.9 1
7 51.9 1
12 51.9 1
18 51.9 1
2 52.0 1
10 52.0 1
13 52.0 1
17 52.0 1
4 52.1 1
8 52.1 1
19 52.1 1
20 52.1 1
24 52.1 1
6 52.2 1
9 52.2 1
11 52.2 1
16 52.2 1
21 52.2 1
1 52.3 1
15 52.3 1
23 52.3 1
5 52.4 1
14 52.4 1
22 52.4 1
2 52.5 1
3 52.5 1
7 52.5 1
10 52.5 1
12 52.5 1
13 52.5 1
18 52.5 1
17 52.6 1
20 52.6 1
24 52.6 1
8 52.7 1
9 52.7 1
16 52.7 1
19 52.7 1
6 52.8 1
21 52.8 1
1 52.9 1
2 52.9 1
4 52.9 1
11 52.9 1
23 52.9 1
5 53.0 1
10 53.0 1
15 53.0 1
18 53.0 1
22 53.0 1
3 53.1 1
7 53.1 1
9 53.1 1
12 53.1 1
13 53.1 1
14 53.1 1
17 53.1 1
20 53.1 1
16 53.2 1
24 53.2 1
8 53.3 1
19 53.3 1
2 53.4 1
6 53.4 1
5 53.5 1
11 53.5 1
21 53.5 1
1 53.6 1
9 53.6 1
10 53.6 1
13 53.6 1
15 53.6 1
18 53.6 1
22 53.6 1
23 53.6 1
3 53.7 1
7 53.7 1
12 53.7 1
14 53.7 1
16 53.7 1
17 53.7 1
20 53.7 1
4 53.8 1
24 53.8 1
2 53.9 1
8 53.9 1
19 53.9 1
6 54.0 1
9 54.0 1
5 54.1 1
10 54.1 1
11 54.1 1
21 54.1 1
22 54.1 1
13 54.2 1
18 54.2 1
20 54.2 1
23 54.2 1
1 54.3 1
3 54.3 1
7 54.3 1
12 54.3 1
14 54.3 1
15 54.3 1
16 54.3 1
17 54.3 1
2 54.4 1
24 54.4 1
6 54.5 1
8 54.5 1
9 54.5 1
4 54.6 1
5 54.6 1
10 54.6 1
19 54.6 1
11 54.7 1
13 54.7 1
20 54.7 1
21 54.7 1
22 54.7 1
2 54.8 1
7 54.8 1
12 54.8 1
16 54.8 1
18 54.8 1
23 54.8 1
1 54.9 1
3 54.9 1
9 54.9 1
14 54.9 1
15 54.9 1
17 54.9 1
8 55.0 1
24 55.0 1
6 55.1 1
5 55.2 1
10 55.2 1
19 55.2 1
2 55.3 1
13 55.3 1
16 55.3 1
20 55.3 1
21 55.3 1
22 55.3 1
4 55.4 1
7 55.4 1
9 55.4 1
11 55.4 1
12 55.4 1
18 55.4 1
3 55.5 1
14 55.5 1
17 55.5 1
23 55.5 1
24 55.5 1
1 55.6 1
8 55.6 1
15 55.6 1
5 55.7 1
6 55.7 1
10 55.7 1
2 55.8 1
9 55.8 1
13 55.8 1
16 55.8 1
19 55.8 1
20 55.8 1
21 55.9 1
22 55.9 1
7 56.0 1
11 56.0 1
12 56.0 1
18 56.0 1
3 56.1 1
14 56.1 1
17 56.1 1
23 56.1 1
24 56.1 1
1 56.2 1
4 56.2 1
5 56.2 1
6 56.2 1
8 56.2 1
10 56.2 1
15 56.2 1
2 56.3 1
9 56.3 1
13 56.3 1
16 56.4 1
19 56.4 1
20 56.4 1
22 56.4 1
21 56.5 1
7 56.6 1
11 56.6 1
12 56.6 1
18 56.6 1
3 56.7 1
14 56.7 1
17 56.7 1
24 56.7 1
2 56.8 1
5 56.8 1
6 56.8 1
8 56.8 1
9 56.8 1
10 56.8 1
23 56.8 1
1 56.9 1
13 56.9 1
15 56.9 1
16 56.9 1
20 56.9 1
4 57.0 1
19 57.0 1
22 57.0 1
12 57.1 1
2 57.2 1
7 57.2 1
9 57.2 1
11 57.2 1
17 57.2 1
18 57.2 1
21 57.2 1
3 57.3 1
5 57.3 1
10 57.3 1
14 57.3 1
24 57.3 1
6 57.4 1
8 57.4 1
13 57.4 1
16 57.4 1
20 57.4 1
23 57.4 1
1 57.5 1
15 57.5 1
22 57.6 1
2 57.7 1
9 57.7 1
12 57.7 1
19 57.7 1
4 57.8 1
7 57.8 1
17 57.8 1
18 57.8 1
21 57.8 1
3 57.9 1
5 57.9 1
6 57.9 1
8 57.9 1
10 57.9 1
11 57.9 1
24 57.9 1
13 58.0 1
14 58.0 1
16 58.0 1
20 58.0 1
23 58.0 1
9 58.1 1
1 58.2 1
2 58.2 1
15 58.2 1
22 58.2 1
7 58.3 1
12 58.3 1
19 58.3 1
5 58.4 1
10 58.4 1
17 58.4 1
18 58.4 1
21 58.4 1
24 58.4 1
3 58.5 1
6 58.5 1
8 58.5 1
11 58.5 1
13 58.5 1
16 58.5 1
20 58.5 1
4 58.6 1
9 58.6 1
14 58.6 1
2 58.7 1
23 58.7 1
15 58.8 1
22 58.8 1
1 58.9 1
7 58.9 1
10 58.9 1
12 58.9 1
19 58.9 1
5 59.0 1
9 59.0 1
16 59.0 1
17 59.0 1
18 59.0 1
20 59.0 1
21 59.0 1
24 59.0 1
2 59.1 1
3 59.1 1
6 59.1 1
8 59.1 1
11 59.1 1
13 59.1 1
14 59.2 1
22 59.3 1
23 59.3 1
4 59.4 1
1 59.5 1
5 59.5 1
7 59.5 1
9 59.5 1
10 59.5 1
12 59.5 1
15 59.5 1
16 59.5 1
19 59.5 1
2 59.6 1
6 59.6 1
13 59.6 1
17 59.6 1
18 59.6 1
20 59.6 1
21 59.6 1
24 59.6 1
3 59.7 1
8 59.7 1
11 59.7 1
14 59.8 1
9 59.9 1
22 59.9 1
10 60.0 1
12 60.0 1
23 60.0 1
2 60.1 1
5 60.1 1
7 60.1 1
13 60.1 1
15 60.1 1
16 60.1 1
18 60.1 1
20 60.1 1
1 60.2 1
4 60.2 1
6 60.2 1
17 60.2 1
19 60.2 1
21 60.2 1
24 60.2 1
3 60.3 1
8 60.3 1
9 60.4 1
11 60.4 1
14 60.4 1
10 60.5 1
22 60.5 1
2 60.6 1
5 60.6 1
12 60.6 1
16 60.6 1
23 60.6 1
7 60.7 1
13 60.7 1
18 60.7 1
20 60.7 1
1 60.8 1
6 60.8 1
8 60.8 1
9 60.8 1
15 60.8 1
17 60.8 1
19 60.8 1
24 60.8 1
3 60.9 1
21 60.9 1
4 61.0 1
11 61.0 1
14 61.0 1
2 61.1 1
10 61.1 1
16 61.1 1
22 61.1 1
5 61.2 1
12 61.2 1
13 61.2 1
20 61.2 1
23 61.2 1
7 61.3 1
9 61.3 1
17 61.3 1
18 61.3 1
24 61.3 1
6 61.4 1
8 61.4 1
15 61.4 1
19 61.4 1
1 61.5 1
2 61.5 1
3 61.5 1
21 61.5 1
10 61.6 1
11 61.6 1
14 61.6 1
22 61.6 1
5 61.7 1
16 61.7 1
20 61.7 1
4 61.8 1
9 61.8 1
12 61.8 1
13 61.8 1
6 61.9 1
7 61.9 1
17 61.9 1
18 61.9 1
23 61.9 1
24 61.9 1
2 62.0 1
8 62.0 1
19 62.0 1
1 62.1 1
3 62.1 1
15 62.1 1
21 62.1 1
9 62.2 1
10 62.2 1
11 62.2 1
14 62.2 1
16 62.2 1
22 62.2 1
5 62.3 1
13 62.3 1
20 62.3 1
7 62.4 1
12 62.4 1
2 62.5 1
6 62.5 1
17 62.5 1
18 62.5 1
23 62.5 1
24 62.5 1
4 62.6 1
8 62.6 1
19 62.6 1
3 62.7 1
9 62.7 1
10 62.7 1
15 62.7 1
16 62.7 1
21 62.7 1
1 62.8 1
5 62.8 1
11 62.8 1
14 62.8 1
20 62.8 1
22 62.8 1
12 62.9 1
13 62.9 1
2 63.0 1
7 63.0 1
6 63.1 1
9 63.1 1
17 63.1 1
18 63.1 1
24 63.1 1
8 63.2 1
10 63.2 1
16 63.2 1
23 63.2 1
3 63.3 1
19 63.3 1
21 63.3 1
1 63.4 1
2 63.4 1
5 63.4 1
13 63.4 1
15 63.4 1
20 63.4 1
22 63.4 1
4 63.5 1
11 63.5 1
12 63.5 1
14 63.5 1
6 63.6 1
7 63.6 1
9 63.6 1
17 63.7 1
18 63.7 1
24 63.7 1
8 63.8 1
10 63.8 1
16 63.8 1
23 63.8 1
2 63.9 1
3 63.9 1
5 63.9 1
13 63.9 1
19 63.9 1
20 63.9 1
21 63.9 1
9 64.0 1
15 64.0 1
22 64.0 1
1 64.1 1
11 64.1 1
12 64.1 1
14 64.1 1
6 64.2 1
7 64.2 1
24 64.2 1
4 64.3 1
8 64.3 1
10 64.3 1
16 64.3 1
17 64.3 1
18 64.3 1
2 64.4 1
20 64.4 1
23 64.4 1
3 64.5 1
5 64.5 1
9 64.5 1
13 64.5 1
19 64.5 1
22 64.5 1
21 64.6 1
11 64.7 1
12 64.7 1
14 64.7 1
15 64.7 1
1 64.8 1
6 64.8 1
7 64.8 1
10 64.8 1
16 64.8 1
24 64.8 1
2 64.9 1
8 64.9 1
9 64.9 1
17 64.9 1
18 64.9 1
5 65.0 1
13 65.0 1
20 65.0 1
3 65.1 1
4 65.1 1
19 65.1 1
22 65.1 1
23 65.1 1
21 65.2 1
6 65.3 1
11 65.3 1
12 65.3 1
14 65.3 1
15 65.3 1
1 65.4 1
2 65.4 1
7 65.4 1
9 65.4 1
10 65.4 1
16 65.4 1
17 65.4 1
24 65.4 1
8 65.5 1
18 65.5 1
20 65.5 1
5 65.6 1
13 65.6 1
3 65.7 1
22 65.7 1
23 65.7 1
2 65.8 1
9 65.8 1
12 65.8 1
19 65.8 1
21 65.8 1
4 65.9 1
6 65.9 1
10 65.9 1
14 65.9 1
16 65.9 1
7 66.0 1
11 66.0 1
15 66.0 1
17 66.0 1
20 66.0 1
24 66.0 1
1 66.1 1
5 66.1 1
8 66.1 1
13 66.1 1
18 66.1 1
2 66.3 1
3 66.3 1
9 66.3 1
22 66.3 1
12 66.4 1
16 66.4 1
19 66.4 1
21 66.4 1
23 66.4 1
6 66.5 1
7 66.5 1
10 66.5 1
14 66.5 1
11 66.6 1
15 66.6 1
17 66.6 1
20 66.6 1
24 66.6 1
1 66.7 1
4 66.7 1
5 66.7 1
8 66.7 1
13 66.7 1
18 66.7 1
2 66.8 1
9 66.8 1
22 66.8 1
3 66.9 1
16 66.9 1
10 67.0 1
12 67.0 1
19 67.0 1
21 67.0 1
23 67.0 1
6 67.1 1
7 67.1 1
14 67.1 1
20 67.1 1
24 67.1 1
5 67.2 1
8 67.2 1
9 67.2 1
11 67.2 1
13 67.2 1
17 67.2 1
18 67.2 1
2 67.3 1
15 67.3 1
1 67.4 1
22 67.4 1
3 67.5 1
4 67.5 1
10 67.5 1
16 67.5 1
6 67.6 1
12 67.6 1
19 67.6 1
23 67.6 1
2 67.7 1
5 67.7 1
7 67.7 1
9 67.7 1
13 67.7 1
14 67.7 1
20 67.7 1
21 67.7 1
24 67.7 1
8 67.8 1
11 67.8 1
17 67.8 1
18 67.8 1
15 67.9 1
1 68.0 1
16 68.0 1
22 68.0 1
3 68.1 1
9 68.1 1
10 68.1 1
2 68.2 1
6 68.2 1
12 68.2 1
19 68.2 1
20 68.2 1
4 68.3 1
5 68.3 1
7 68.3 1
13 68.3 1
21 68.3 1
23 68.3 1
24 68.3 1
8 68.4 1
14 68.4 1
17 68.4 1
18 68.4 1
11 68.5 1
16 68.5 1
9 68.6 1
10 68.6 1
15 68.6 1
22 68.6 1
1 68.7 1
2 68.7 1
3 68.7 1
12 68.7 1
20 68.7 1
5 68.8 1
6 68.8 1
13 68.8 1
7 68.9 1
19 68.9 1
21 68.9 1
23 68.9 1
24 68.9 1
8 69.0 1
9 69.0 1
14 69.0 1
17 69.0 1
18 69.0 1
4 69.1 1
10 69.1 1
11 69.1 1
16 69.1 1
2 69.2 1
15 69.2 1
22 69.2 1
3 69.3 1
6 69.3 1
12 69.3 1
20 69.3 1
1 69.4 1
5 69.4 1
13 69.4 1
7 69.5 1
9 69.5 1
17 69.5 1
19 69.5 1
21 69.5 1
24 69.5 1
8 69.6 1
14 69.6 1
16 69.6 1
18 69.6 1
23 69.6 1
2 69.7 1
10 69.7 1
11 69.7 1
22 69.7 1
20 69.8 1
3 69.9 1
4 69.9 1
5 69.9 1
6 69.9 1
9 69.9 1
12 69.9 1
13 69.9 1
15 69.9 1
1 70.0 1
2 70.1 1
7 70.1 1
8 70.1 1
16 70.1 1
17 70.1 1
19 70.1 1
21 70.1 1
24 70.1 1
10 70.2 1
14 70.2 1
18 70.2 1
23 70.2 1
11 70.3 1
20 70.3 1
22 70.3 1
9 70.4 1
3 70.5 1
5 70.5 1
6 70.5 1
12 70.5 1
13 70.5 1
15 70.5 1
2 70.6 1
7 70.6 1
16 70.6 1
24 70.6 1
1 70.7 1
4 70.7 1
8 70.7 1
10 70.7 1
17 70.7 1
19 70.7 1
21 70.7 1
9 70.8 1
14 70.8 1
18 70.8 1
23 70.8 1
20 70.9 1
22 70.9 1
5 71.0 1
6 71.0 1
11 71.0 1
12 71.0 1
13 71.0 1
2 71.1 1
3 71.1 1
7 71.2 1
15 71.2 1
16 71.2 1
24 71.2 1
1 71.3 1
8 71.3 1
9 71.3 1
10 71.3 1
17 71.3 1
14 71.4 1
18 71.4 1
19 71.4 1
20 71.4 1
21 71.4 1
4 71.5 1
13 71.5 1
22 71.5 1
23 71.5 1
2 71.6 1
5 71.6 1
6 71.6 1
11 71.6 1
12 71.6 1
3 71.7 1
16 71.7 1
7 71.8 1
9 71.8 1
10 71.8 1
15 71.8 1
24 71.8 1
8 71.9 1
17 71.9 1
1 72.0 1
2 72.0 1
14 72.0 1
18 72.0 1
19 72.0 1
20 72.0 1
21 72.0 1
22 72.0 1
5 72.1 1
13 72.1 1
23 72.1 1
6 72.2 1
9 72.2 1
11 72.2 1
12 72.2 1
16 72.2 1
3 72.3 1
4 72.3 1
7 72.4 1
10 72.4 1
24 72.4 1
2 72.5 1
8 72.5 1
15 72.5 1
17 72.5 1
20 72.5 1
1 72.6 1
13 72.6 1
14 72.6 1
18 72.6 1
19 72.6 1
21 72.6 1
22 72.6 1
5 72.7 1
9 72.7 1
16 72.7 1
6 72.8 1
11 72.8 1
12 72.8 1
23 72.8 1
3 72.9 1
10 72.9 1
2 73.0 1
7 73.0 1
20 73.0 1
24 73.0 1
8 73.1 1
9 73.1 1
15 73.1 1
17 73.1 1
4 73.2 1
5 73.2 1
13 73.2 1
18 73.2 1
19 73.2 1
21 73.2 1
22 73.2 1
1 73.3 1
6 73.3 1
14 73.3 1
16 73.3 1
10 73.4 1
12 73.4 1
23 73.4 1
2 73.5 1
3 73.5 1
11 73.5 1
24 73.5 1
7 73.6 1
8 73.6 1
9 73.6 1
17 73.6 1
20 73.6 1
13 73.7 1
5 73.8 1
15 73.8 1
16 73.8 1
18 73.8 1
19 73.8 1
21 73.8 1
22 73.8 1
6 73.9 1
12 73.9 1
14 73.9 1
1 74.0 1
2 74.0 1
4 74.0 1
9 74.0 1
10 74.0 1
3 74.1 1
11 74.1 1
20 74.1 1
23 74.1 1
24 74.1 1
7 74.2 1
8 74.2 1
17 74.2 1
5 74.3 1
13 74.3 1
16 74.3 1
18 74.3 1
2 74.4 1
15 74.4 1
21 74.4 1
22 74.4 1
6 74.5 1
9 74.5 1
10 74.5 1
12 74.5 1
14 74.5 1
19 74.5 1
1 74.6 1
3 74.7 1
7 74.7 1
11 74.7 1
20 74.7 1
23 74.7 1
24 74.7 1
4 74.8 1
8 74.8 1
13 74.8 1
17 74.8 1
2 74.9 1
5 74.9 1
9 74.9 1
16 74.9 1
18 74.9 1
22 74.9 1
6 75.0 1
10 75.0 1
12 75.1 1
14 75.1 1
15 75.1 1
19 75.1 1
21 75.1 1
20 75.2 1
1 75.3 1
3 75.3 1
7 75.3 1
11 75.3 1
13 75.3 1
23 75.3 1
24 75.3 1
2 75.4 1
5 75.4 1
8 75.4 1
9 75.4 1
16 75.4 1
17 75.4 1
18 75.5 1
22 75.5 1
4 75.6 1
6 75.6 1
10 75.6 1
12 75.7 1
14 75.7 1
15 75.7 1
19 75.7 1
20 75.7 1
21 75.7 1
9 75.8 1
1 75.9 1
2 75.9 1
3 75.9 1
7 75.9 1
13 75.9 1
16 75.9 1
24 75.9 1
5 76.0 1
8 76.0 1
11 76.0 1
17 76.0 1
23 76.0 1
10 76.1 1
18 76.1 1
22 76.1 1
6 76.2 1
2 76.3 1
9 76.3 1
12 76.3 1
14 76.3 1
19 76.3 1
20 76.3 1
21 76.3 1
4 76.4 1
13 76.4 1
15 76.4 1
16 76.4 1
24 76.4 1
3 76.5 1
5 76.5 1
7 76.5 1
8 76.5 1
1 76.6 1
11 76.6 1
17 76.6 1
23 76.6 1
6 76.7 1
10 76.7 1
18 76.7 1
22 76.7 1
2 76.8 1
9 76.8 1
12 76.8 1
20 76.8 1
14 76.9 1
21 76.9 1
13 77.0 1
15 77.0 1
16 77.0 1
19 77.0 1
24 77.0 1
3 77.1 1
5 77.1 1
7 77.1 1
8 77.1 1
1 77.2 1
4 77.2 1
9 77.2 1
10 77.2 1
11 77.2 1
17 77.2 1
22 77.2 1
2 77.3 1
6 77.3 1
18 77.3 1
20 77.3 1
23 77.3 1
12 77.4 1
13 77.5 1
14 77.5 1
16 77.5 1
21 77.5 1
5 77.6 1
19 77.6 1
24 77.6 1
3 77.7 1
7 77.7 1
8 77.7 1
9 77.7 1
10 77.7 1
15 77.7 1
17 77.7 1
2 77.8 1
11 77.8 1
22 77.8 1
1 77.9 1
6 77.9 1
18 77.9 1
20 77.9 1
23 77.9 1
4 78.0 1
12 78.0 1
16 78.0 1
5 78.1 1
9 78.1 1
13 78.1 1
21 78.1 1
14 78.2 1
19 78.2 1
24 78.2 1
2 78.3 1
3 78.3 1
7 78.3 1
8 78.3 1
10 78.3 1
15 78.3 1
17 78.3 1
6 78.4 1
20 78.4 1
22 78.4 1
11 78.5 1
18 78.5 1
23 78.5 1
1 78.6 1
9 78.6 1
12 78.6 1
13 78.6 1
16 78.6 1
2 78.7 1
5 78.7 1
4 78.8 1
7 78.8 1
10 78.8 1
14 78.8 1
19 78.8 1
21 78.8 1
24 78.8 1
3 78.9 1
8 78.9 1
15 78.9 1
17 78.9 1
6 79.0 1
9 79.0 1
20 79.0 1
22 79.0 1
11 79.1 1
13 79.1 1
16 79.1 1
18 79.1 1
1 79.2 1
2 79.2 1
5 79.2 1
12 79.2 1
23 79.2 1
10 79.3 1
24 79.3 1
7 79.4 1
8 79.4 1
14 79.4 1
21 79.4 1
3 79.5 1
9 79.5 1
17 79.5 1
19 79.5 1
20 79.5 1
4 79.6 1
6 79.6 1
15 79.6 1
16 79.6 1
22 79.6 1
2 79.7 1
11 79.7 1
12 79.7 1
13 79.7 1
18 79.7 1
5 79.8 1
23 79.8 1
1 79.9 1
9 79.9 1
10 79.9 1
24 79.9 1
7 80.0 1
8 80.0 1
14 80.0 1
20 80.0 1
21 80.0 1
3 80.1 1
16 80.1 1
17 80.1 1
19 80.1 1
22 80.1 1
2 80.2 1
6 80.2 1
13 80.2 1
15 80.2 1
5 80.3 1
11 80.3 1
12 80.3 1
18 80.3 1
4 80.4 1
9 80.4 1
10 80.4 1
1 80.5 1
23 80.5 1
24 80.5 1
2 80.6 1
7 80.6 1
8 80.6 1
14 80.6 1
20 80.6 1
21 80.6 1
3 80.7 1
6 80.7 1
16 80.7 1
17 80.7 1
19 80.7 1
22 80.7 1
9 80.8 1
13 80.8 1
5 80.9 1
12 80.9 1
15 80.9 1
18 80.9 1
10 81.0 1
11 81.0 1
2 81.1 1
20 81.1 1
23 81.1 1
24 81.1 1
1 81.2 1
4 81.2 1
7 81.2 1
8 81.2 1
14 81.2 1
16 81.2 1
21 81.2 1
3 81.3 1
6 81.3 1
9 81.3 1
13 81.3 1
17 81.3 1
19 81.3 1
22 81.3 1
5 81.4 1
18 81.4 1
10 81.5 1
12 81.5 1
15 81.5 1
2 81.6 1
11 81.6 1
20 81.6 1
16 81.7 1
23 81.7 1
24 81.7 1
1 81.8 1
7 81.8 1
8 81.8 1
9 81.8 1
14 81.8 1
21 81.8 1
3 81.9 1
6 81.9 1
13 81.9 1
17 81.9 1
19 81.9 1
22 81.9 1
4 82.0 1
5 82.0 1
10 82.0 1
18 82.0 1
2 82.1 1
12 82.1 1
9 82.2 1
11 82.2 1
15 82.2 1
20 82.2 1
24 82.2 1
7 82.3 1
16 82.3 1
6 82.4 1
8 82.4 1
13 82.4 1
14 82.4 1
17 82.4 1
22 82.4 1
23 82.4 1
1 82.5 1
3 82.5 1
5 82.5 1
21 82.5 1
2 82.6 1
10 82.6 1
12 82.6 1
18 82.6 1
19 82.6 1
9 82.7 1
20 82.7 1
11 82.8 1
15 82.8 1
16 82.8 1
24 82.8 1
4 82.9 1
7 82.9 1
8 82.9 1
2 83.0 1
6 83.0 1
13 83.0 1
17 83.0 1
22 83.0 1
23 83.0 1
3 83.1 1
5 83.1 1
9 83.1 1
10 83.1 1
14 83.1 1
21 83.1 1
1 83.2 1
12 83.2 1
18 83.2 1
19 83.2 1
16 83.3 1
20 83.3 1
24 83.4 1
2 83.5 1
7 83.5 1
8 83.5 1
11 83.5 1
13 83.5 1
15 83.5 1
5 83.6 1
6 83.6 1
9 83.6 1
10 83.6 1
17 83.6 1
22 83.6 1
3 83.7 1
4 83.7 1
14 83.7 1
21 83.7 1
23 83.7 1
1 83.8 1
12 83.8 1
16 83.8 1
18 83.8 1
19 83.8 1
20 83.8 1
2 84.0 1
9 84.0 1
13 84.0 1
24 84.0 1
6 84.1 1
7 84.1 1
8 84.1 1
11 84.1 1
15 84.1 1
5 84.2 1
10 84.2 1
17 84.2 1
22 84.2 1
3 84.3 1
14 84.3 1
20 84.3 1
21 84.3 1
23 84.3 1
12 84.4 1
16 84.4 1
18 84.4 1
19 84.4 1
1 84.5 1
2 84.5 1
4 84.5 1
9 84.5 1
13 84.6 1
24 84.6 1
5 84.7 1
6 84.7 1
7 84.7 1
8 84.7 1
10 84.7 1
11 84.7 1
15 84.8 1
17 84.8 1
22 84.8 1
2 84.9 1
3 84.9 1
9 84.9 1
12 84.9 1
14 84.9 1
16 84.9 1
20 84.9 1
21 84.9 1
23 84.9 1
18 85.0 1
1 85.1 1
13 85.1 1
19 85.1 1
24 85.1 1
10 85.2 1
4 85.3 1
5 85.3 1
6 85.3 1
7 85.3 1
8 85.3 1
11 85.3 1
22 85.3 1
2 85.4 1
9 85.4 1
15 85.4 1
16 85.4 1
17 85.4 1
20 85.4 1
3 85.5 1
12 85.5 1
14 85.5 1
21 85.5 1
18 85.6 1
23 85.6 1
13 85.7 1
19 85.7 1
24 85.7 1
1 85.8 1
5 85.8 1
8 85.8 1
9 85.8 1
10 85.8 1
2 85.9 1
6 85.9 1
7 85.9 1
22 85.9 1
11 86.0 1
16 86.0 1
17 86.0 1
20 86.0 1
3 86.1 1
4 86.1 1
12 86.1 1
14 86.1 1
15 86.1 1
13 86.2 1
18 86.2 1
21 86.2 1
23 86.2 1
9 86.3 1
10 86.3 1
19 86.3 1
24 86.3 1
1 86.4 1
2 86.4 1
5 86.4 1
6 86.4 1
7 86.4 1
8 86.4 1
16 86.5 1
17 86.5 1
20 86.5 1
22 86.5 1
11 86.6 1
3 86.7 1
12 86.7 1
14 86.7 1
15 86.7 1
9 86.8 1
13 86.8 1
18 86.8 1
21 86.8 1
2 86.9 1
4 86.9 1
5 86.9 1
10 86.9 1
19 86.9 1
23 86.9 1
24 86.9 1
6 87.0 1
7 87.0 1
8 87.0 1
16 87.0 1
20 87.0 1
1 87.1 1
17 87.1 1
22 87.1 1
9 87.2 1
11 87.2 1
2 87.3 1
3 87.3 1
12 87.3 1
13 87.3 1
14 87.3 1
10 87.4 1
15 87.4 1
18 87.4 1
21 87.4 1
5 87.5 1
16 87.5 1
19 87.5 1
23 87.5 1
24 87.5 1
6 87.6 1
7 87.6 1
8 87.6 1
20 87.6 1
22 87.6 1
1 87.7 1
4 87.7 1
9 87.7 1
17 87.7 1
2 87.8 1
11 87.8 1
12 87.8 1
13 87.8 1
3 87.9 1
10 87.9 1
5 88.0 1
14 88.0 1
15 88.0 1
18 88.0 1
21 88.0 1
24 88.0 1
6 88.1 1
9 88.1 1
16 88.1 1
20 88.1 1
23 88.1 1
7 88.2 1
8 88.2 1
19 88.2 1
22 88.2 1
2 88.3 1
17 88.3 1
1 88.4 1
12 88.4 1
13 88.4 1
3 88.5 1
4 88.5 1
10 88.5 1
11 88.5 1
18 88.5 1
5 88.6 1
9 88.6 1
14 88.6 1
16 88.6 1
20 88.6 1
21 88.6 1
24 88.6 1
6 88.7 1
8 88.7 1
15 88.7 1
2 88.8 1
7 88.8 1
19 88.8 1
22 88.8 1
23 88.8 1
13 88.9 1
17 88.9 1
9 89.0 1
10 89.0 1
12 89.0 1
1 89.1 1
3 89.1 1
5 89.1 1
11 89.1 1
16 89.1 1
18 89.1 1
2 89.2 1
14 89.2 1
20 89.2 1
21 89.2 1
24 89.2 1
4 89.3 1
6 89.3 1
8 89.3 1
15 89.3 1
7 89.4 1
19 89.4 1
22 89.4 1
23 89.4 1
9 89.5 1
10 89.5 1
13 89.5 1
17 89.5 1
5 89.6 1
12 89.6 1
16 89.6 1
1 89.7 1
2 89.7 1
3 89.7 1
11 89.7 1
18 89.7 1
20 89.7 1
6 89.8 1
14 89.8 1
24 89.8 1
8 89.9 1
9 89.9 1
21 89.9 1
7 90.0 1
13 90.0 1
15 90.0 1
19 90.0 1
22 90.0 1
4 90.1 1
10 90.1 1
17 90.1 1
23 90.1 1
2 90.2 1
5 90.2 1
12 90.2 1
16 90.2 1
3 90.3 1
11 90.3 1
18 90.3 1
20 90.3 1
1 90.4 1
6 90.4 1
9 90.4 1
14 90.4 1
24 90.4 1
7 90.5 1
8 90.5 1
21 90.5 1
22 90.5 1
10 90.6 1
13 90.6 1
15 90.6 1
17 90.6 1
2 90.7 1
5 90.7 1
12 90.7 1
16 90.7 1
19 90.7 1
23 90.7 1
9 90.8 1
20 90.8 1
3 90.9 1
4 90.9 1
11 90.9 1
18 90.9 1
24 90.9 1
1 91.0 1
6 91.0 1
14 91.0 1
2 91.1 1
7 91.1 1
8 91.1 1
13 91.1 1
21 91.1 1
22 91.1 1
10 91.2 1
16 91.2 1
17 91.2 1
5 91.3 1
9 91.3 1
12 91.3 1
15 91.3 1
19 91.3 1
20 91.3 1
23 91.3 1
3 91.5 1
18 91.5 1
24 91.5 1
2 91.6 1
6 91.6 1
8 91.6 1
11 91.6 1
13 91.6 1
14 91.6 1
1 91.7 1
4 91.7 1
7 91.7 1
10 91.7 1
21 91.7 1
22 91.7 1
5 91.8 1
9 91.8 1
16 91.8 1
17 91.8 1
12 91.9 1
15 91.9 1
19 91.9 1
20 91.9 1
23 92.0 1
2 92.1 1
3 92.1 1
6 92.1 1
18 92.1 1
24 92.1 1
8 92.2 1
9 92.2 1
10 92.2 1
11 92.2 1
13 92.2 1
14 92.2 1
1 92.3 1
7 92.3 1
16 92.3 1
21 92.3 1
22 92.3 1
5 92.4 1
17 92.4 1
20 92.4 1
12 92.5 1
19 92.5 1
2 92.6 1
4 92.6 1
15 92.6 1
23 92.6 1
3 92.7 1
6 92.7 1
9 92.7 1
13 92.7 1
18 92.7 1
24 92.7 1
8 92.8 1
10 92.8 1
11 92.8 1
16 92.8 1
22 92.8 1
5 92.9 1
7 92.9 1
14 92.9 1
20 92.9 1
21 92.9 1
1 93.0 1
17 93.0 1
2 93.1 1
9 93.1 1
12 93.1 1
19 93.1 1
15 93.2 1
3 93.3 1
6 93.3 1
10 93.3 1
13 93.3 1
16 93.3 1
18 93.3 1
23 93.3 1
24 93.3 1
4 93.4 1
8 93.4 1
11 93.4 1
22 93.4 1
2 93.5 1
5 93.5 1
7 93.5 1
14 93.5 1
20 93.5 1
9 93.6 1
12 93.6 1
17 93.6 1
21 93.6 1
1 93.7 1
6 93.8 1
10 93.8 1
13 93.8 1
19 93.8 1
24 93.8 1
3 93.9 1
15 93.9 1
16 93.9 1
18 93.9 1
23 93.9 1
2 94.0 1
5 94.0 1
8 94.0 1
9 94.0 1
20 94.0 1
22 94.0 1
7 94.1 1
11 94.1 1
14 94.1 1
4 94.2 1
12 94.2 1
17 94.2 1
21 94.2 1
1 94.3 1
6 94.4 1
10 94.4 1
13 94.4 1
16 94.4 1
19 94.4 1
24 94.4 1
2 94.5 1
3 94.5 1
9 94.5 1
15 94.5 1
18 94.5 1
23 94.5 1
5 94.6 1
7 94.6 1
8 94.6 1
20 94.6 1
22 94.6 1
11 94.7 1
14 94.7 1
17 94.7 1
12 94.8 1
21 94.8 1
9 94.9 1
10 94.9 1
13 94.9 1
16 94.9 1
1 95.0 1
2 95.0 1
4 95.0 1
6 95.0 1
19 95.0 1
24 95.0 1
3 95.1 1
5 95.1 1
8 95.1 1
18 95.1 1
20 95.1 1
7 95.2 1
15 95.2 1
22 95.2 1
23 95.2 1
11 95.3 1
14 95.3 1
17 95.3 1
2 95.4 1
9 95.4 1
12 95.4 1
13 95.4 1
21 95.4 1
6 95.5 1
10 95.5 1
16 95.5 1
1 95.6 1
18 95.6 1
19 95.6 1
20 95.6 1
24 95.6 1
3 95.7 1
5 95.7 1
8 95.7 1
22 95.7 1
4 95.8 1
7 95.8 1
9 95.8 1
15 95.8 1
23 95.8 1
2 95.9 1
11 95.9 1
12 95.9 1
14 95.9 1
17 95.9 1
10 96.0 1
13 96.0 1
16 96.0 1
21 96.0 1
6 96.1 1
5 96.2 1
18 96.2 1
20 96.2 1
24 96.2 1
1 96.3 1
3 96.3 1
8 96.3 1
9 96.3 1
19 96.3 1
22 96.3 1
2 96.4 1
7 96.4 1
10 96.5 1
12 96.5 1
13 96.5 1
14 96.5 1
15 96.5 1
16 96.5 1
17 96.5 1
23 96.5 1
4 96.6 1
11 96.6 1
6 96.7 1
20 96.7 1
21 96.7 1
5 96.8 1
9 96.8 1
18 96.8 1
24 96.8 1
1 96.9 1
2 96.9 1
3 96.9 1
8 96.9 1
19 96.9 1
22 96.9 1
7 97.0 1
16 97.0 1
10 97.1 1
12 97.1 1
13 97.1 1
14 97.1 1
15 97.1 1
17 97.1 1
23 97.1 1
6 97.2 1
9 97.2 1
11 97.2 1
5 97.3 1
20 97.3 1
21 97.3 1
24 97.3 1
2 97.4 1
4 97.4 1
18 97.4 1
3 97.5 1
8 97.5 1
19 97.5 1
22 97.5 1
1 97.6 1
7 97.6 1
10 97.6 1
13 97.6 1
16 97.6 1
9 97.7 1
12 97.7 1
14 97.7 1
17 97.7 1
23 97.7 1
2 97.8 1
6 97.8 1
11 97.8 1
15 97.8 1
20 97.8 1
5 97.9 1
21 97.9 1
24 97.9 1
8 98.0 1
18 98.0 1
22 98.0 1
3 98.1 1
9 98.1 1
10 98.1 1
16 98.1 1
19 98.1 1
4 98.2 1
7 98.2 1
13 98.2 1
1 98.3 1
2 98.3 1
12 98.3 1
17 98.3 1
20 98.3 1
5 98.4 1
6 98.4 1
11 98.4 1
14 98.4 1
15 98.4 1
23 98.4 1
21 98.5 1
24 98.5 1
8 98.6 1
9 98.6 1
16 98.6 1
18 98.6 1
22 98.6 1
3 98.7 1
7 98.7 1
10 98.7 1
13 98.7 1
19 98.7 1
2 98.8 1
12 98.8 1
17 98.8 1
1 98.9 1
20 98.9 1
4 99.0 1
5 99.0 1
6 99.0 1
9 99.0 1
14 99.0 1
23 99.0 1
11 99.1 1
15 99.1 1
21 99.1 1
24 99.1 1
8 99.2 1
10 99.2 1
13 99.2 1
16 99.2 1
18 99.2 1
22 99.2 1
2 99.3 1
3 99.3 1
7 99.3 1
12 99.4 1
17 99.4 1
19 99.4 1
20 99.4 1
5 99.5 1
6 99.5 1
9 99.5 1
1 99.6 1
14 99.6 1
2 99.7 1
10 99.7 1
11 99.7 1
15 99.7 1
16 99.7 1
21 99.7 1
23 99.7 1
24 99.7 1
4 99.8 1
8 99.8 1
13 99.8 1
18 99.8 1
22 99.8 1
3 99.9 1
7 99.9 1
9 99.9 1
20 99.9 1
5 100.0 1
12 100.0 1
17 100.0 1
19 100.0 1
6 100.1 1
1 100.2 1
2 100.2 1
14 100.2 1
16 100.2 1
24 100.2 1
10 100.3 1
11 100.3 1
13 100.3 1
23 100.3 1
8 100.4 1
9 100.4 1
15 100.4 1
18 100.4 1
21 100.4 1
22 100.4 1
3 100.5 1
7 100.5 1
20 100.5 1
4 100.6 1
5 100.6 1
12 100.6 1
17 100.6 1
19 100.6 1
2 100.7 1
6 100.7 1
16 100.7 1
9 100.8 1
10 100.8 1
14 100.8 1
24 100.8 1
1 100.9 1
8 100.9 1
11 100.9 1
13 100.9 1
22 100.9 1
15 101.0 1
18 101.0 1
20 101.0 1
21 101.0 1
23 101.0 1
3 101.1 1
5 101.1 1
7 101.1 1
2 101.2 1
6 101.2 1
12 101.2 1
17 101.2 1
19 101.2 1
9 101.3 1
16 101.3 1
4 101.4 1
10 101.4 1
13 101.4 1
14 101.4 1
24 101.4 1
1 101.5 1
8 101.5 1
22 101.5 1
11 101.6 1
18 101.6 1
20 101.6 1
21 101.6 1
23 101.6 1
2 101.7 1
3 101.7 1
5 101.7 1
7 101.7 1
12 101.7 1
15 101.7 1
6 101.8 1
9 101.8 1
16 101.8 1
17 101.8 1
10 101.9 1
19 101.9 1
13 102.0 1
14 102.0 1
24 102.0 1
2 102.1 1
8 102.1 1
18 102.1 1
20 102.1 1
22 102.1 1
1 102.2 1
5 102.2 1
9 102.2 1
11 102.2 1
21 102.2 1
23 102.2 1
3 102.3 1
4 102.3 1
7 102.3 1
12 102.3 1
15 102.3 1
16 102.3 1
6 102.4 1
10 102.4 1
17 102.4 1
13 102.5 1
19 102.5 1
2 102.6 1
14 102.6 1
20 102.6 1
24 102.6 1
8 102.7 1
9 102.7 1
18 102.7 1
22 102.7 1
5 102.8 1
7 102.8 1
11 102.8 1
16 102.8 1
21 102.8 1
1 102.9 1
3 102.9 1
6 102.9 1
12 102.9 1
17 102.9 1
23 102.9 1
10 103.0 1
13 103.0 1
15 103.0 1
2 103.1 1
4 103.1 1
9 103.1 1
19 103.1 1
24 103.1 1
20 103.2 1
22 103.2 1
5 103.3 1
8 103.3 1
14 103.3 1
18 103.3 1
7 103.4 1
11 103.4 1
16 103.4 1
21 103.4 1
1 103.5 1
3 103.5 1
6 103.5 1
10 103.5 1
12 103.5 1
17 103.5 1
23 103.5 1
2 103.6 1
9 103.6 1
13 103.6 1
15 103.6 1
19 103.7 1
20 103.7 1
24 103.7 1
22 103.8 1
4 103.9 1
5 103.9 1
8 103.9 1
14 103.9 1
16 103.9 1
18 103.9 1
2 104.0 1
7 104.0 1
9 104.0 1
10 104.0 1
3 104.1 1
6 104.1 1
11 104.1 1
12 104.1 1
13 104.1 1
17 104.1 1
21 104.1 1
1 104.2 1
20 104.2 1
23 104.2 1
15 104.3 1
19 104.3 1
24 104.3 1
5 104.4 1
8 104.4 1
16 104.4 1
22 104.4 1
2 104.5 1
9 104.5 1
14 104.5 1
18 104.5 1
7 104.6 1
10 104.6 1
12 104.6 1
3 104.7 1
4 104.7 1
6 104.7 1
11 104.7 1
13 104.7 1
17 104.7 1
21 104.7 1
1 104.8 1
20 104.8 1
23 104.8 1
9 104.9 1
15 104.9 1
24 104.9 1
2 105.0 1
5 105.0 1
8 105.0 1
16 105.0 1
19 105.0 1
22 105.0 1
10 105.1 1
14 105.1 1
18 105.1 1
6 105.2 1
7 105.2 1
12 105.2 1
13 105.2 1
3 105.3 1
11 105.3 1
17 105.3 1
20 105.3 1
21 105.3 1
9 105.4 1
23 105.4 1
1 105.5 1
2 105.5 1
4 105.5 1
5 105.5 1
16 105.5 1
24 105.5 1
8 105.6 1
15 105.6 1
19 105.6 1
22 105.6 1
10 105.7 1
14 105.7 1
18 105.7 1
6 105.8 1
7 105.8 1
9 105.8 1
12 105.8 1
13 105.8 1
3 105.9 1
11 105.9 1
17 105.9 1
20 105.9 1
21 105.9 1
2 106.0 1
16 106.0 1
24 106.0 1
1 106.1 1
5 106.1 1
22 106.1 1
23 106.1 1
8 106.2 1
10 106.2 1
15 106.2 1
19 106.2 1
4 106.3 1
7 106.3 1
9 106.3 1
13 106.3 1
14 106.3 1
18 106.3 1
2 106.4 1
6 106.4 1
12 106.4 1
20 106.4 1
3 106.5 1
16 106.5 1
17 106.5 1
21 106.5 1
5 106.6 1
11 106.6 1
24 106.6 1
10 106.7 1
22 106.7 1
23 106.7 1
1 106.8 1
8 106.8 1
9 106.8 1
13 106.8 1
19 106.8 1
2 106.9 1
6 106.9 1
7 106.9 1
14 106.9 1
15 106.9 1
18 106.9 1
20 106.9 1
12 107.0 1
17 107.0 1
3 107.1 1
4 107.1 1
16 107.1 1
21 107.1 1
5 107.2 1
9 107.2 1
11 107.2 1
24 107.2 1
8 107.3 1
10 107.3 1
22 107.3 1
2 107.4 1
13 107.4 1
23 107.4 1
1 107.5 1
6 107.5 1
7 107.5 1
12 107.5 1
14 107.5 1
15 107.5 1
18 107.5 1
19 107.5 1
20 107.5 1
16 107.6 1
17 107.6 1
3 107.7 1
5 107.7 1
9 107.7 1
10 107.8 1
11 107.8 1
21 107.8 1
24 107.8 1
2 107.9 1
4 107.9 1
8 107.9 1
13 107.9 1
22 107.9 1
20 108.0 1
23 108.0 1
1 108.1 1
6 108.1 1
7 108.1 1
9 108.1 1
12 108.1 1
16 108.1 1
18 108.1 1
19 108.1 1
14 108.2 1
15 108.2 1
17 108.2 1
2 108.3 1
3 108.3 1
5 108.3 1
10 108.3 1
11 108.4 1
21 108.4 1
22 108.4 1
24 108.4 1
8 108.5 1
13 108.5 1
6 108.6 1
9 108.6 1
20 108.6 1
23 108.6 1
4 108.7 1
7 108.7 1
12 108.7 1
16 108.7 1
18 108.7 1
19 108.7 1
1 108.8 1
2 108.8 1
5 108.8 1
14 108.8 1
15 108.8 1
17 108.8 1
3 108.9 1
10 108.9 1
24 108.9 1
9 109.0 1
13 109.0 1
21 109.0 1
22 109.0 1
8 109.1 1
11 109.1 1
20 109.1 1
6 109.2 1
16 109.2 1
18 109.2 1
2 109.3 1
7 109.3 1
12 109.3 1
19 109.3 1
23 109.3 1
1 109.4 1
5 109.4 1
10 109.4 1
14 109.4 1
17 109.4 1
3 109.5 1
4 109.5 1
9 109.5 1
15 109.5 1
24 109.5 1
13 109.6 1
20 109.6 1
21 109.6 1
22 109.6 1
8 109.7 1
11 109.7 1
16 109.7 1
2 109.8 1
6 109.8 1
12 109.8 1
18 109.8 1
5 109.9 1
7 109.9 1
9 109.9 1
23 109.9 1
10 110.0 1
14 110.0 1
17 110.0 1
19 110.0 1
1 110.1 1
3 110.1 1
13 110.1 1
15 110.1 1
24 110.1 1
8 110.2 1
16 110.2 1
20 110.2 1
21 110.2 1
22 110.2 1
2 110.3 1
4 110.3 1
11 110.3 1
6 110.4 1
7 110.4 1
9 110.4 1
12 110.4 1
18 110.4 1
5 110.5 1
10 110.5 1
13 110.6 1
14 110.6 1
17 110.6 1
19 110.6 1
23 110.6 1
1 110.7 1
2 110.7 1
3 110.7 1
20 110.7 1
24 110.7 1
8 110.8 1
9 110.8 1
15 110.8 1
16 110.8 1
21 110.8 1
22 110.8 1
6 110.9 1
11 110.9 1
5 111.0 1
7 111.0 1
10 111.0 1
12 111.0 1
18 111.0 1
4 111.1 1
17 111.1 1
2 111.2 1
13 111.2 1
14 111.2 1
19 111.2 1
20 111.2 1
23 111.2 1
3 111.3 1
9 111.3 1
16 111.3 1
22 111.3 1
24 111.3 1
1 111.4 1
8 111.4 1
15 111.4 1
5 111.5 1
6 111.5 1
21 111.5 1
7 111.6 1
10 111.6 1
11 111.6 1
12 111.6 1
18 111.6 1
2 111.7 1
13 111.7 1
17 111.7 1
9 111.8 1
14 111.8 1
16 111.8 1
19 111.8 1
20 111.8 1
23 111.8 1
24 111.8 1
3 111.9 1
22 111.9 1
1 112.0 1
4 112.0 1
8 112.0 1
5 112.1 1
6 112.1 1
10 112.1 1
15 112.1 1
21 112.1 1
2 112.2 1
7 112.2 1
9 112.2 1
11 112.2 1
12 112.2 1
18 112.2 1
13 112.3 1
17 112.3 1
20 112.3 1
14 112.4 1
16 112.4 1
19 112.4 1
24 112.4 1
3 112.5 1
22 112.5 1
23 112.5 1
2 112.6 1
5 112.6 1
6 112.6 1
8 112.6 1
10 112.6 1
1 112.7 1
9 112.7 1
12 112.7 1
15 112.7 1
21 112.7 1
4 112.8 1
7 112.8 1
11 112.8 1
13 112.8 1
18 112.8 1
16 112.9 1
17 112.9 1
20 112.9 1
24 113.0 1
2 113.1 1
3 113.1 1
9 113.1 1
14 113.1 1
19 113.1 1
22 113.1 1
23 113.1 1
5 113.2 1
6 113.2 1
8 113.2 1
10 113.2 1
12 113.3 1
21 113.3 1
1 113.4 1
7 113.4 1
11 113.4 1
13 113.4 1
15 113.4 1
16 113.4 1
18 113.4 1
20 113.4 1
17 113.5 1
2 113.6 1
4 113.6 1
9 113.6 1
22 113.6 1
24 113.6 1
3 113.7 1
5 113.7 1
8 113.7 1
10 113.7 1
14 113.7 1
19 113.7 1
6 113.8 1
23 113.8 1
12 113.9 1
13 113.9 1
16 113.9 1
20 113.9 1
21 113.9 1
1 114.0 1
7 114.0 1
9 114.0 1
15 114.0 1
18 114.0 1
2 114.1 1
11 114.1 1
17 114.1 1
10 114.2 1
22 114.2 1
24 114.2 1
3 114.3 1
5 114.3 1
6 114.3 1
8 114.3 1
14 114.3 1
19 114.3 1
4 114.4 1
13 114.4 1
23 114.4 1
7 114.5 1
9 114.5 1
12 114.5 1
16 114.5 1
20 114.5 1
21 114.5 1
2 114.6 1
18 114.6 1
1 114.7 1
11 114.7 1
15 114.7 1
17 114.7 1
24 114.7 1
5 114.8 1
10 114.8 1
22 114.8 1
3 114.9 1
6 114.9 1
8 114.9 1
9 114.9 1
14 114.9 1
19 114.9 1
2 115.0 1
13 115.0 1
16 115.0 1
20 115.0 1
23 115.0 1
7 115.1 1
12 115.1 1
4 115.2 1
18 115.2 1
21 115.2 1
1 115.3 1
10 115.3 1
11 115.3 1
15 115.3 1
17 115.3 1
24 115.3 1
5 115.4 1
9 115.4 1
22 115.4 1
2 115.5 1
3 115.5 1
6 115.5 1
8 115.5 1
13 115.5 1
14 115.5 1
16 115.5 1
20 115.5 1
12 115.6 1
19 115.6 1
7 115.7 1
23 115.7 1
9 115.8 1
17 115.8 1
18 115.8 1
21 115.8 1
5 115.9 1
10 115.9 1
11 115.9 1
24 115.9 1
1 116.0 1
2 116.0 1
4 116.0 1
6 116.0 1
15 116.0 1
22 116.0 1
3 116.1 1
8 116.1 1
13 116.1 1
14 116.1 1
16 116.1 1
20 116.1 1
12 116.2 1
19 116.2 1
7 116.3 1
9 116.3 1
18 116.3 1
23 116.3 1
10 116.4 1
17 116.4 1
21 116.4 1
2 116.5 1
5 116.5 1
22 116.5 1
24 116.5 1
1 116.6 1
6 116.6 1
8 116.6 1
11 116.6 1
13 116.6 1
15 116.6 1
16 116.6 1
20 116.6 1
3 116.7 1
14 116.7 1
4 116.8 1
9 116.8 1
12 116.8 1
19 116.8 1
2 116.9 1
7 116.9 1
10 116.9 1
18 116.9 1
5 117.0 1
17 117.0 1
21 117.0 1
23 117.0 1
16 117.1 1
22 117.1 1
24 117.1 1
6 117.2 1
8 117.2 1
9 117.2 1
11 117.2 1
13 117.2 1
15 117.2 1
20 117.2 1
1 117.3 1
3 117.3 1
14 117.3 1
2 117.4 1
12 117.4 1
19 117.4 1
7 117.5 1
10 117.5 1
18 117.5 1
4 117.6 1
5 117.6 1
16 117.6 1
17 117.6 1
21 117.6 1
23 117.6 1
24 117.6 1
9 117.7 1
13 117.7 1
20 117.7 1
22 117.7 1
6 117.8 1
8 117.8 1
11 117.8 1
2 117.9 1
3 117.9 1
15 117.9 1
1 118.0 1
10 118.0 1
12 118.0 1
14 118.0 1
19 118.0 1
5 118.1 1
7 118.1 1
9 118.1 1
18 118.1 1
16 118.2 1
17 118.2 1
20 118.2 1
21 118.2 1
23 118.2 1
24 118.2 1
6 118.3 1
13 118.3 1
22 118.3 1
2 118.4 1
4 118.4 1
8 118.4 1
11 118.4 1
3 118.5 1
10 118.5 1
12 118.5 1
15 118.5 1
1 118.6 1
7 118.6 1
9 118.6 1
14 118.6 1
5 118.7 1
16 118.7 1
18 118.7 1
19 118.7 1
13 118.8 1
17 118.8 1
20 118.8 1
22 118.8 1
24 118.8 1
2 118.9 1
6 118.9 1
21 118.9 1
23 118.9 1
8 119.0 1
9 119.0 1
3 119.1 1
10 119.1 1
11 119.1 1
12 119.1 1
4 119.2 1
5 119.2 1
7 119.2 1
14 119.2 1
15 119.2 1
16 119.2 1
1 119.3 1
2 119.3 1
13 119.3 1
18 119.3 1
19 119.3 1
20 119.3 1
17 119.4 1
22 119.4 1
24 119.4 1
6 119.5 1
8 119.5 1
9 119.5 1
21 119.5 1
23 119.5 1
10 119.6 1
3 119.7 1
11 119.7 1
12 119.7 1
16 119.7 1
2 119.8 1
5 119.8 1
7 119.8 1
14 119.8 1
15 119.8 1
1 119.9 1
9 119.9 1
13 119.9 1
17 119.9 1
18 119.9 1
19 119.9 1
20 119.9 1
4 120.0 1
6 120.0 1
22 120.0 1
24 120.0 1
8 120.1 1
21 120.1 1
10 120.2 1
23 120.2 1
2 120.3 1
3 120.3 1
5 120.3 1
11 120.3 1
12 120.3 1
16 120.3 1
7 120.4 1
9 120.4 1
13 120.4 1
14 120.4 1
20 120.4 1
15 120.5 1
17 120.5 1
18 120.5 1
19 120.5 1
24 120.5 1
1 120.6 1
6 120.6 1
22 120.6 1
8 120.7 1
10 120.7 1
21 120.7 1
2 120.8 1
4 120.8 1
9 120.8 1
12 120.8 1
16 120.8 1
23 120.8 1
3 120.9 1
5 120.9 1
11 120.9 1
20 120.9 1
7 121.0 1
13 121.0 1
14 121.0 1
15 121.1 1
17 121.1 1
18 121.1 1
24 121.1 1
1 121.2 1
2 121.2 1
6 121.2 1
10 121.2 1
19 121.2 1
22 121.2 1
8 121.3 1
9 121.3 1
16 121.3 1
21 121.3 1
5 121.4 1
12 121.4 1
23 121.4 1
3 121.5 1
11 121.5 1
13 121.5 1
20 121.5 1
7 121.6 1
14 121.6 1
2 121.7 1
4 121.7 1
6 121.7 1
17 121.7 1
18 121.7 1
22 121.7 1
24 121.7 1
9 121.8 1
10 121.8 1
15 121.8 1
19 121.8 1
1 121.9 1
8 121.9 1
16 121.9 1
21 121.9 1
5 122.0 1
12 122.0 1
20 122.0 1
3 122.1 1
13 122.1 1
23 122.1 1
2 122.2 1
7 122.2 1
9 122.2 1
11 122.2 1
14 122.2 1
6 122.3 1
10 122.3 1
17 122.3 1
18 122.3 1
22 122.3 1
24 122.3 1
15 122.4 1
16 122.4 1
19 122.4 1
4 122.5 1
5 122.5 1
8 122.5 1
20 122.5 1
1 122.6 1
12 122.6 1
13 122.6 1
21 122.6 1
2 122.7 1
3 122.7 1
7 122.7 1
9 122.7 1
23 122.7 1
10 122.8 1
11 122.8 1
6 122.9 1
14 122.9 1
16 122.9 1
17 122.9 1
18 122.9 1
22 122.9 1
24 122.9 1
5 123.0 1
8 123.0 1
19 123.0 1
9 123.1 1
13 123.1 1
15 123.1 1
20 123.1 1
1 123.2 1
2 123.2 1
12 123.2 1
21 123.2 1
3 123.3 1
4 123.3 1
7 123.3 1
10 123.4 1
11 123.4 1
16 123.4 1
18 123.4 1
23 123.4 1
6 123.5 1
14 123.5 1
17 123.5 1
22 123.5 1
24 123.5 1
2 123.6 1
5 123.6 1
8 123.6 1
9 123.6 1
19 123.6 1
20 123.6 1
12 123.7 1
13 123.7 1
15 123.7 1
21 123.8 1
1 123.9 1
3 123.9 1
7 123.9 1
10 123.9 1
6 124.0 1
9 124.0 1
11 124.0 1
16 124.0 1
17 124.0 1
18 124.0 1
22 124.0 1
23 124.0 1
24 124.0 1
2 124.1 1
4 124.1 1
5 124.1 1
14 124.1 1
8 124.2 1
13 124.2 1
20 124.2 1
12 124.3 1
19 124.3 1
15 124.4 1
21 124.4 1
1 124.5 1
3 124.5 1
7 124.5 1
9 124.5 1
10 124.5 1
16 124.5 1
2 124.6 1
6 124.6 1
17 124.6 1
18 124.6 1
22 124.6 1
23 124.6 1
24 124.6 1
5 124.7 1
11 124.7 1
14 124.7 1
20 124.7 1
8 124.8 1
13 124.8 1
4 124.9 1
9 124.9 1
12 124.9 1
19 124.9 1
10 125.0 1
15 125.0 1
16 125.0 1
21 125.0 1
2 125.1 1
3 125.1 1
7 125.1 1
1 125.2 1
5 125.2 1
6 125.2 1
17 125.2 1
18 125.2 1
20 125.2 1
22 125.2 1
24 125.2 1
11 125.3 1
13 125.3 1
14 125.3 1
23 125.3 1
8 125.4 1
9 125.4 1
2 125.5 1
10 125.5 1
12 125.5 1
19 125.5 1
16 125.6 1
21 125.6 1
3 125.7 1
4 125.7 1
6 125.7 1
7 125.7 1
15 125.7 1
1 125.8 1
5 125.8 1
9 125.8 1
17 125.8 1
18 125.8 1
20 125.8 1
22 125.8 1
24 125.8 1
8 125.9 1
11 125.9 1
13 125.9 1
14 125.9 1
23 125.9 1
2 126.0 1
10 126.1 1
12 126.1 1
16 126.1 1
19 126.1 1
3 126.3 1
5 126.3 1
6 126.3 1
7 126.3 1
9 126.3 1
15 126.3 1
20 126.3 1
21 126.3 1
13 126.4 1
17 126.4 1
18 126.4 1
22 126.4 1
24 126.4 1
1 126.5 1
2 126.5 1
4 126.5 1
8 126.5 1
11 126.5 1
14 126.5 1
10 126.6 1
12 126.6 1
16 126.6 1
23 126.6 1
7 126.8 1
9 126.8 1
19 126.8 1
20 126.8 1
3 126.9 1
5 126.9 1
6 126.9 1
13 126.9 1
21 126.9 1
22 126.9 1
24 126.9 1
2 127.0 1
15 127.0 1
17 127.0 1
18 127.0 1
8 127.1 1
10 127.1 1
14 127.1 1
16 127.1 1
1 127.2 1
9 127.2 1
11 127.2 1
12 127.2 1
23 127.2 1
4 127.3 1
2 127.4 1
5 127.4 1
6 127.4 1
7 127.4 1
19 127.4 1
20 127.4 1
3 127.5 1
13 127.5 1
21 127.5 1
22 127.5 1
24 127.5 1
15 127.6 1
17 127.6 1
18 127.6 1
8 127.7 1
9 127.7 1
10 127.7 1
14 127.7 1
16 127.7 1
1 127.8 1
11 127.8 1
12 127.8 1
2 127.9 1
20 127.9 1
23 127.9 1
5 128.0 1
6 128.0 1
7 128.0 1
13 128.0 1
19 128.0 1
3 128.1 1
4 128.1 1
9 128.1 1
17 128.1 1
21 128.1 1
22 128.1 1
24 128.1 1
10 128.2 1
16 128.2 1
18 128.2 1
8 128.3 1
15 128.3 1
2 128.4 1
11 128.4 1
12 128.4 1
14 128.4 1
1 128.5 1
5 128.5 1
20 128.5 1
23 128.5 1
6 128.6 1
7 128.6 1
9 128.6 1
13 128.6 1
19 128.6 1
3 128.7 1
10 128.7 1
16 128.7 1
17 128.7 1
21 128.7 1
22 128.7 1
24 128.7 1
8 128.8 1
18 128.8 1
2 128.9 1
4 128.9 1
15 128.9 1
9 129.0 1
11 129.0 1
12 129.0 1
14 129.0 1
20 129.0 1
1 129.1 1
5 129.1 1
13 129.1 1
23 129.1 1
6 129.2 1
7 129.2 1
19 129.2 1
22 129.2 1
3 129.3 1
10 129.3 1
16 129.3 1
17 129.3 1
24 129.3 1
2 129.4 1
8 129.4 1
18 129.4 1
21 129.4 1
9 129.5 1
12 129.5 1
20 129.5 1
5 129.6 1
14 129.6 1
15 129.6 1
4 129.7 1
6 129.7 1
11 129.7 1
13 129.7 1
1 129.8 1
2 129.8 1
7 129.8 1
10 129.8 1
16 129.8 1
22 129.8 1
23 129.8 1
24 129.8 1
3 129.9 1
9 129.9 1
17 129.9 1
19 129.9 1
8 130.0 1
18 130.0 1
21 130.0 1
12 130.1 1
20 130.1 1
5 130.2 1
13 130.2 1
14 130.2 1
15 130.2 1
2 130.3 1
6 130.3 1
7 130.3 1
11 130.3 1
16 130.3 1
1 130.4 1
9 130.4 1
10 130.4 1
22 130.4 1
23 130.4 1
24 130.4 1
3 130.5 1
4 130.5 1
17 130.5 1
18 130.5 1
19 130.5 1
8 130.6 1
20 130.6 1
21 130.6 1
5 130.7 1
12 130.7 1
13 130.7 1
2 130.8 1
9 130.8 1
14 130.8 1
16 130.8 1
6 130.9 1
7 130.9 1
10 130.9 1
11 130.9 1
15 130.9 1
22 131.0 1
24 131.0 1
1 131.1 1
3 131.1 1
17 131.1 1
18 131.1 1
19 131.1 1
23 131.1 1
8 131.2 1
20 131.2 1
21 131.2 1
2 131.3 1
5 131.3 1
9 131.3 1
12 131.3 1
13 131.3 1
4 131.4 1
6 131.4 1
10 131.4 1
14 131.4 1
16 131.4 1
7 131.5 1
11 131.5 1
15 131.5 1
22 131.6 1
24 131.6 1
2 131.7 1
3 131.7 1
17 131.7 1
18 131.7 1
19 131.7 1
20 131.7 1
23 131.7 1
1 131.8 1
5 131.8 1
8 131.8 1
9 131.8 1
13 131.8 1
21 131.8 1
12 131.9 1
16 131.9 1
6 132.0 1
10 132.0 1
14 132.0 1
7 132.1 1
22 132.1 1
2 132.2 1
4 132.2 1
9 132.2 1
11 132.2 1
15 132.2 1
17 132.2 1
20 132.2 1
24 132.2 1
3 132.3 1
8 132.3 1
18 132.3 1
23 132.3 1
1 132.4 1
5 132.4 1
12 132.4 1
13 132.4 1
16 132.4 1
19 132.4 1
21 132.4 1
10 132.5 1
6 132.6 1
14 132.6 1
2 132.7 1
7 132.7 1
9 132.7 1
22 132.7 1
24 132.7 1
11 132.8 1
15 132.8 1
17 132.8 1
20 132.8 1
3 132.9 1
5 132.9 1
8 132.9 1
13 132.9 1
18 132.9 1
4 133.0 1
10 133.0 1
12 133.0 1
16 133.0 1
19 133.0 1
23 133.0 1
1 133.1 1
6 133.1 1
9 133.1 1
21 133.1 1
2 133.2 1
7 133.3 1
14 133.3 1
20 133.3 1
22 133.3 1
24 133.3 1
5 133.4 1
11 133.4 1
17 133.4 1
3 133.5 1
8 133.5 1
13 133.5 1
15 133.5 1
16 133.5 1
18 133.5 1
9 133.6 1
10 133.6 1
12 133.6 1
19 133.6 1
23 133.6 1
1 133.7 1
2 133.7 1
6 133.7 1
21 133.7 1
4 133.8 1
20 133.8 1
7 133.9 1
14 133.9 1
22 133.9 1
24 133.9 1
5 134.0 1
9 134.0 1
11 134.0 1
13 134.0 1
16 134.0 1
17 134.0 1
2 134.1 1
3 134.1 1
8 134.1 1
10 134.1 1
15 134.1 1
18 134.1 1
12 134.2 1
19 134.2 1
6 134.3 1
21 134.3 1
23 134.3 1
1 134.4 1
7 134.4 1
20 134.4 1
22 134.4 1
5 134.5 1
9 134.5 1
13 134.5 1
14 134.5 1
16 134.5 1
24 134.5 1
2 134.6 1
4 134.6 1
17 134.6 1
3 134.7 1
8 134.7 1
10 134.7 1
11 134.7 1
12 134.7 1
18 134.7 1
6 134.8 1
15 134.8 1
19 134.8 1
9 134.9 1
20 134.9 1
21 134.9 1
23 134.9 1
1 135.0 1
7 135.0 1
22 135.0 1
2 135.1 1
5 135.1 1
13 135.1 1
14 135.1 1
16 135.1 1
24 135.1 1
8 135.2 1
10 135.2 1
17 135.2 1
3 135.3 1
11 135.3 1
12 135.3 1
18 135.3 1
4 135.4 1
6 135.4 1
9 135.4 1
15 135.4 1
19 135.5 1
20 135.5 1
21 135.5 1
23 135.5 1
2 135.6 1
5 135.6 1
7 135.6 1
13 135.6 1
16 135.6 1
22 135.6 1
24 135.6 1
1 135.7 1
10 135.7 1
14 135.7 1
8 135.8 1
9 135.8 1
17 135.8 1
3 135.9 1
11 135.9 1
12 135.9 1
18 135.9 1
2 136.0 1
6 136.0 1
20 136.0 1
15 136.1 1
16 136.1 1
19 136.1 1
21 136.1 1
4 136.2 1
5 136.2 1
7 136.2 1
13 136.2 1
22 136.2 1
23 136.2 1
24 136.2 1
1 136.3 1
9 136.3 1
10 136.3 1
14 136.3 1
17 136.3 1
8 136.4 1
2 136.5 1
3 136.5 1
11 136.5 1
12 136.5 1
18 136.5 1
20 136.5 1
6 136.6 1
16 136.6 1
5 136.7 1
13 136.7 1
15 136.7 1
19 136.7 1
7 136.8 1
9 136.8 1
10 136.8 1
21 136.8 1
22 136.8 1
23 136.8 1
24 136.8 1
14 136.9 1
17 136.9 1
1 137.0 1
2 137.0 1
4 137.0 1
8 137.0 1
3 137.1 1
6 137.1 1
12 137.1 1
18 137.1 1
20 137.1 1
9 137.2 1
11 137.2 1
16 137.2 1
5 137.3 1
10 137.3 1
13 137.3 1
19 137.3 1
22 137.3 1
7 137.4 1
15 137.4 1
21 137.4 1
24 137.4 1
2 137.5 1
14 137.5 1
17 137.5 1
23 137.5 1
8 137.6 1
12 137.6 1
18 137.6 1
20 137.6 1
1 137.7 1
3 137.7 1
6 137.7 1
9 137.7 1
16 137.7 1
4 137.8 1
5 137.8 1
11 137.8 1
13 137.8 1
10 137.9 1
22 137.9 1
2 138.0 1
7 138.0 1
15 138.0 1
19 138.0 1
21 138.0 1
24 138.0 1
8 138.1 1
9 138.1 1
17 138.1 1
20 138.1 1
23 138.1 1
12 138.2 1
14 138.2 1
16 138.2 1
18 138.2 1
1 138.3 1
3 138.3 1
6 138.3 1
13 138.3 1
2 138.4 1
5 138.4 1
10 138.4 1
11 138.4 1
7 138.5 1
22 138.5 1
24 138.5 1
4 138.6 1
9 138.6 1
19 138.6 1
21 138.6 1
8 138.7 1
15 138.7 1
17 138.7 1
20 138.7 1
23 138.7 1
6 138.8 1
12 138.8 1
14 138.8 1
16 138.8 1
18 138.8 1
2 138.9 1
3 138.9 1
5 138.9 1
13 138.9 1
1 139.0 1
9 139.0 1
10 139.0 1
11 139.0 1
7 139.1 1
22 139.1 1
24 139.1 1
19 139.2 1
20 139.2 1
21 139.2 1
8 139.3 1
15 139.3 1
16 139.3 1
17 139.3 1
2 139.4 1
4 139.4 1
6 139.4 1
12 139.4 1
13 139.4 1
14 139.4 1
18 139.4 1
23 139.4 1
3 139.5 1
5 139.5 1
9 139.5 1
10 139.5 1
1 139.6 1
22 139.6 1
7 139.7 1
11 139.7 1
24 139.7 1
16 139.8 1
19 139.8 1
20 139.8 1
21 139.8 1
2 139.9 1
8 139.9 1
9 139.9 1
17 139.9 1
5 140.0 1
6 140.0 1
10 140.0 1
12 140.0 1
13 140.0 1
14 140.0 1
15 140.0 1
18 140.0 1
23 140.0 1
3 140.1 1
4 140.2 1
22 140.2 1
1 140.3 1
2 140.3 1
7 140.3 1
11 140.3 1
16 140.3 1
20 140.3 1
24 140.3 1
9 140.4 1
17 140.4 1
6 140.5 1
8 140.5 1
12 140.5 1
13 140.5 1
19 140.5 1
21 140.5 1
5 140.6 1
10 140.6 1
14 140.6 1
15 140.6 1
18 140.6 1
3 140.7 1
23 140.7 1
2 140.8 1
9 140.8 1
20 140.8 1
22 140.8 1
1 140.9 1
7 140.9 1
11 140.9 1
16 140.9 1
24 140.9 1
17 141.0 1
4 141.1 1
5 141.1 1
6 141.1 1
8 141.1 1
10 141.1 1
12 141.1 1
13 141.1 1
19 141.1 1
21 141.1 1
14 141.2 1
18 141.2 1
2 141.3 1
3 141.3 1
9 141.3 1
15 141.3 1
23 141.3 1
16 141.4 1
20 141.4 1
22 141.4 1
24 141.4 1
7 141.5 1
11 141.5 1
1 141.6 1
8 141.6 1
10 141.6 1
13 141.6 1
17 141.6 1
5 141.7 1
6 141.7 1
12 141.7 1
19 141.7 1
21 141.7 1
2 141.8 1
9 141.8 1
14 141.8 1
18 141.8 1
3 141.9 1
4 141.9 1
15 141.9 1
16 141.9 1
20 141.9 1
23 141.9 1
22 142.0 1
24 142.0 1
7 142.1 1
13 142.1 1
5 142.2 1
8 142.2 1
9 142.2 1
10 142.2 1
11 142.2 1
17 142.2 1
1 142.3 1
2 142.3 1
6 142.3 1
12 142.3 1
19 142.3 1
21 142.3 1
14 142.4 1
18 142.4 1
3 142.5 1
16 142.5 1
20 142.5 1
22 142.5 1
7 142.6 1
15 142.6 1
23 142.6 1
24 142.6 1
2 142.7 1
4 142.7 1
9 142.7 1
10 142.7 1
13 142.7 1
5 142.8 1
6 142.8 1
8 142.8 1
11 142.8 1
17 142.8 1
1 142.9 1
12 142.9 1
19 142.9 1
21 142.9 1
16 143.0 1
18 143.0 1
20 143.0 1
3 143.1 1
9 143.1 1
14 143.1 1
22 143.1 1
2 143.2 1
7 143.2 1
10 143.2 1
13 143.2 1
15 143.2 1
23 143.2 1
24 143.2 1
5 143.3 1
6 143.4 1
8 143.4 1
11 143.4 1
12 143.4 1
17 143.4 1
4 143.5 1
16 143.5 1
20 143.5 1
21 143.5 1
1 143.6 1
9 143.6 1
18 143.6 1
19 143.6 1
2 143.7 1
3 143.7 1
14 143.7 1
22 143.7 1
7 143.8 1
10 143.8 1
13 143.8 1
24 143.8 1
5 143.9 1
15 143.9 1
23 143.9 1
6 144.0 1
8 144.0 1
9 144.0 1
11 144.0 1
12 144.0 1
16 144.0 1
17 144.0 1
20 144.1 1
1 144.2 1
2 144.2 1
18 144.2 1
19 144.2 1
21 144.2 1
3 144.3 1
4 144.3 1
10 144.3 1
13 144.3 1
14 144.3 1
22 144.3 1
24 144.3 1
5 144.4 1
7 144.4 1
6 144.5 1
8 144.5 1
9 144.5 1
15 144.5 1
17 144.5 1
23 144.5 1
2 144.6 1
12 144.6 1
16 144.6 1
20 144.6 1
11 144.7 1
18 144.7 1
19 144.8 1
21 144.8 1
22 144.8 1
1 144.9 1
3 144.9 1
5 144.9 1
9 144.9 1
10 144.9 1
13 144.9 1
14 144.9 1
24 144.9 1
7 145.0 1
2 145.1 1
4 145.1 1
6 145.1 1
8 145.1 1
16 145.1 1
17 145.1 1
20 145.1 1
23 145.1 1
12 145.2 1
15 145.2 1
11 145.3 1
18 145.3 1
9 145.4 1
10 145.4 1
13 145.4 1
19 145.4 1
21 145.4 1
22 145.4 1
1 145.5 1
3 145.5 1
5 145.5 1
14 145.5 1
24 145.5 1
2 145.6 1
7 145.6 1
16 145.6 1
6 145.7 1
8 145.7 1
12 145.7 1
17 145.7 1
20 145.7 1
9 145.8 1
15 145.8 1
23 145.8 1
4 145.9 1
10 145.9 1
11 145.9 1
13 145.9 1
18 145.9 1
5 146.0 1
21 146.0 1
22 146.0 1
2 146.1 1
3 146.1 1
14 146.1 1
19 146.1 1
24 146.1 1
1 146.2 1
6 146.2 1
7 146.2 1
16 146.2 1
20 146.2 1
8 146.3 1
9 146.3 1
12 146.3 1
17 146.3 1
23 146.4 1
10 146.5 1
11 146.5 1
13 146.5 1
15 146.5 1
18 146.5 1
2 146.6 1
5 146.6 1
21 146.6 1
22 146.6 1
3 146.7 1
4 146.7 1
7 146.7 1
14 146.7 1
16 146.7 1
19 146.7 1
24 146.7 1
6 146.8 1
9 146.8 1
20 146.8 1
1 146.9 1
8 146.9 1
12 146.9 1
17 146.9 1
2 147.0 1
10 147.0 1
13 147.0 1
5 147.1 1
15 147.1 1
18 147.1 1
23 147.1 1
9 147.2 1
11 147.2 1
16 147.2 1
21 147.2 1
22 147.2 1
24 147.2 1
3 147.3 1
7 147.3 1
14 147.3 1
19 147.3 1
20 147.3 1
6 147.4 1
8 147.4 1
1 147.5 1
2 147.5 1
4 147.5 1
10 147.5 1
12 147.5 1
17 147.5 1
13 147.6 1
5 147.7 1
9 147.7 1
16 147.7 1
18 147.7 1
22 147.7 1
23 147.7 1
11 147.8 1
15 147.8 1
20 147.8 1
24 147.8 1
3 147.9 1
7 147.9 1
19 147.9 1
21 147.9 1
2 148.0 1
6 148.0 1
8 148.0 1
14 148.0 1
9 148.1 1
10 148.1 1
12 148.1 1
13 148.1 1
17 148.1 1
1 148.2 1
5 148.2 1
4 148.3 1
16 148.3 1
18 148.3 1
22 148.3 1
23 148.3 1
11 148.4 1
15 148.4 1
20 148.4 1
24 148.4 1
2 148.5 1
3 148.5 1
6 148.5 1
7 148.5 1
19 148.5 1
21 148.5 1
8 148.6 1
9 148.6 1
10 148.6 1
12 148.6 1
14 148.6 1
13 148.7 1
17 148.7 1
1 148.8 1
5 148.8 1
16 148.8 1
2 148.9 1
18 148.9 1
20 148.9 1
22 148.9 1
9 149.0 1
11 149.0 1
23 149.0 1
24 149.0 1
3 149.1 1
4 149.1 1
6 149.1 1
7 149.1 1
15 149.1 1
21 149.1 1
8 149.2 1
10 149.2 1
12 149.2 1
13 149.2 1
14 149.2 1
17 149.2 1
19 149.2 1
5 149.3 1
16 149.3 1
2 149.4 1
20 149.4 1
1 149.5 1
9 149.5 1
18 149.5 1
22 149.5 1
23 149.6 1
24 149.6 1
3 149.7 1
6 149.7 1
7 149.7 1
10 149.7 1
11 149.7 1
15 149.7 1
21 149.7 1
8 149.8 1
12 149.8 1
13 149.8 1
14 149.8 1
16 149.8 1
17 149.8 1
19 149.8 1
2 149.9 1
4 149.9 1
5 149.9 1
9 149.9 1
20 150.0 1
22 150.0 1
1 150.1 1
18 150.1 1
6 150.2 1
7 150.2 1
10 150.2 1
24 150.2 1
3 150.3 1
11 150.3 1
13 150.3 1
21 150.3 1
23 150.3 1
2 150.4 1
5 150.4 1
8 150.4 1
9 150.4 1
12 150.4 1
14 150.4 1
15 150.4 1
16 150.4 1
17 150.4 1
19 150.4 1
20 150.5 1
22 150.6 1
18 150.7 1
24 150.7 1
1 150.8 1
4 150.8 1
6 150.8 1
7 150.8 1
9 150.8 1
10 150.8 1
13 150.8 1
2 150.9 1
3 150.9 1
8 150.9 1
11 150.9 1
16 150.9 1
21 150.9 1
23 150.9 1
5 151.0 1
12 151.0 1
14 151.0 1
15 151.0 1
17 151.0 1
19 151.0 1
20 151.1 1
22 151.2 1
2 151.3 1
9 151.3 1
10 151.3 1
18 151.3 1
24 151.3 1
6 151.4 1
7 151.4 1
13 151.4 1
16 151.4 1
1 151.5 1
3 151.5 1
5 151.5 1
8 151.5 1
11 151.5 1
12 151.5 1
23 151.5 1
4 151.6 1
14 151.6 1
17 151.6 1
20 151.6 1
21 151.6 1
15 151.7 1
19 151.7 1
2 151.8 1
9 151.8 1
10 151.8 1
18 151.8 1
22 151.8 1
6 151.9 1
13 151.9 1
24 151.9 1
7 152.0 1
16 152.0 1
1 152.1 1
3 152.1 1
5 152.1 1
8 152.1 1
11 152.1 1
12 152.1 1
20 152.1 1
9 152.2 1
14 152.2 1
17 152.2 1
21 152.2 1
23 152.2 1
2 152.3 1
15 152.3 1
19 152.3 1
4 152.4 1
10 152.4 1
18 152.4 1
22 152.4 1
6 152.5 1
13 152.5 1
16 152.5 1
24 152.5 1
3 152.6 1
5 152.6 1
7 152.6 1
8 152.7 1
9 152.7 1
12 152.7 1
20 152.7 1
1 152.8 1
2 152.8 1
11 152.8 1
17 152.8 1
21 152.8 1
23 152.8 1
10 152.9 1
14 152.9 1
19 152.9 1
22 152.9 1
13 153.0 1
15 153.0 1
16 153.0 1
18 153.0 1
6 153.1 1
9 153.1 1
24 153.1 1
2 153.2 1
3 153.2 1
4 153.2 1
5 153.2 1
7 153.2 1
20 153.2 1
8 153.3 1
12 153.3 1
17 153.3 1
1 153.4 1
11 153.4 1
21 153.4 1
10 153.5 1
14 153.5 1
16 153.5 1
19 153.5 1
22 153.5 1
23 153.5 1
6 153.6 1
9 153.6 1
13 153.6 1
15 153.6 1
18 153.6 1
24 153.6 1
2 153.7 1
5 153.7 1
3 153.8 1
7 153.8 1
8 153.8 1
20 153.8 1
12 153.9 1
17 153.9 1
4 154.0 1
9 154.0 1
10 154.0 1
11 154.0 1
21 154.0 1
1 154.1 1
13 154.1 1
14 154.1 1
16 154.1 1
19 154.1 1
22 154.1 1
23 154.1 1
2 154.2 1
6 154.2 1
18 154.2 1
24 154.2 1
5 154.3 1
7 154.3 1
15 154.3 1
20 154.3 1
3 154.4 1
8 154.4 1
12 154.4 1
9 154.5 1
10 154.5 1
17 154.5 1
11 154.6 1
13 154.6 1
16 154.6 1
21 154.6 1
1 154.7 1
2 154.7 1
14 154.7 1
22 154.7 1
23 154.7 1
4 154.8 1
5 154.8 1
6 154.8 1
18 154.8 1
19 154.8 1
20 154.8 1
24 154.8 1
7 154.9 1
9 154.9 1
15 154.9 1
3 155.0 1
8 155.0 1
12 155.0 1
10 155.1 1
16 155.1 1
17 155.1 1
2 155.2 1
13 155.2 1
22 155.2 1
5 155.3 1
11 155.3 1
14 155.3 1
21 155.3 1
1 155.4 1
6 155.4 1
9 155.4 1
18 155.4 1
19 155.4 1
20 155.4 1
23 155.4 1
24 155.4 1
7 155.5 1
15 155.5 1
2 155.6 1
3 155.6 1
4 155.6 1
8 155.6 1
10 155.6 1
12 155.6 1
13 155.7 1
16 155.7 1
17 155.7 1
9 155.8 1
22 155.8 1
5 155.9 1
6 155.9 1
11 155.9 1
14 155.9 1
20 155.9 1
21 155.9 1
18 156.0 1
19 156.0 1
23 156.0 1
24 156.0 1
1 156.1 1
2 156.1 1
7 156.1 1
10 156.1 1
3 156.2 1
8 156.2 1
12 156.2 1
15 156.2 1
16 156.2 1
9 156.3 1
13 156.3 1
17 156.3 1
4 156.4 1
5 156.4 1
20 156.4 1
22 156.4 1
6 156.5 1
11 156.5 1
14 156.5 1
21 156.5 1
24 156.5 1
2 156.6 1
18 156.6 1
19 156.6 1
1 156.7 1
7 156.7 1
8 156.7 1
10 156.7 1
16 156.7 1
23 156.7 1
3 156.8 1
9 156.8 1
12 156.8 1
13 156.8 1
15 156.8 1
17 156.9 1
5 157.0 1
20 157.0 1
22 157.0 1
2 157.1 1
6 157.1 1
11 157.1 1
14 157.1 1
21 157.1 1
24 157.1 1
4 157.2 1
9 157.2 1
10 157.2 1
16 157.2 1
18 157.2 1
7 157.3 1
8 157.3 1
12 157.3 1
19 157.3 1
23 157.3 1
1 157.4 1
3 157.4 1
13 157.4 1
17 157.4 1
2 157.5 1
5 157.5 1
15 157.5 1
20 157.5 1
6 157.6 1
22 157.6 1
9 157.7 1
10 157.7 1
14 157.7 1
21 157.7 1
24 157.7 1
11 157.8 1
16 157.8 1
18 157.8 1
7 157.9 1
8 157.9 1
12 157.9 1
13 157.9 1
19 157.9 1
1 158.0 1
2 158.0 1
3 158.0 1
4 158.0 1
17 158.0 1
23 158.0 1
5 158.1 1
9 158.1 1
15 158.1 1
20 158.1 1
22 158.1 1
6 158.2 1
10 158.3 1
16 158.3 1
18 158.3 1
21 158.3 1
24 158.3 1
7 158.4 1
11 158.4 1
13 158.4 1
14 158.4 1
2 158.5 1
8 158.5 1
12 158.5 1
19 158.5 1
3 158.6 1
5 158.6 1
9 158.6 1
17 158.6 1
20 158.6 1
23 158.6 1
1 158.7 1
22 158.7 1
4 158.8 1
6 158.8 1
10 158.8 1
15 158.8 1
16 158.8 1
18 158.9 1
24 158.9 1
2 159.0 1
7 159.0 1
9 159.0 1
11 159.0 1
13 159.0 1
14 159.0 1
21 159.0 1
8 159.1 1
12 159.1 1
19 159.1 1
20 159.1 1
3 159.2 1
5 159.2 1
17 159.2 1
23 159.2 1
1 159.3 1
6 159.3 1
22 159.3 1
10 159.4 1
15 159.4 1
16 159.4 1
24 159.4 1
2 159.5 1
9 159.5 1
13 159.5 1
18 159.5 1
4 159.6 1
7 159.6 1
11 159.6 1
12 159.6 1
14 159.6 1
21 159.6 1
5 159.7 1
8 159.7 1
19 159.7 1
20 159.7 1
3 159.8 1
17 159.8 1
2 159.9 1
6 159.9 1
9 159.9 1
10 159.9 1
16 159.9 1
22 159.9 1
23 159.9 1
1 160.0 1
24 160.0 1
13 160.1 1
15 160.1 1
18 160.1 1
7 160.2 1
8 160.2 1
12 160.2 1
14 160.2 1
20 160.2 1
21 160.2 1
5 160.3 1
11 160.3 1
2 160.4 1
3 160.4 1
9 160.4 1
10 160.4 1
16 160.4 1
17 160.4 1
19 160.4 1
22 160.4 1
4 160.5 1
6 160.5 1
23 160.5 1
1 160.6 1
13 160.6 1
24 160.6 1
15 160.7 1
18 160.7 1
20 160.7 1
5 160.8 1
7 160.8 1
8 160.8 1
9 160.8 1
12 160.8 1
14 160.8 1
21 160.8 1
2 160.9 1
11 160.9 1
16 160.9 1
3 161.0 1
10 161.0 1
17 161.0 1
19 161.0 1
22 161.0 1
6 161.1 1
13 161.2 1
23 161.2 1
24 161.2 1
1 161.3 1
4 161.3 1
9 161.3 1
18 161.3 1
20 161.3 1
2 161.4 1
5 161.4 1
7 161.4 1
8 161.4 1
12 161.4 1
14 161.4 1
15 161.4 1
21 161.4 1
10 161.5 1
11 161.5 1
16 161.5 1
17 161.5 1
3 161.6 1
6 161.6 1
19 161.6 1
22 161.6 1
9 161.7 1
13 161.7 1
2 161.8 1
20 161.8 1
23 161.8 1
24 161.8 1
5 161.9 1
18 161.9 1
1 162.0 1
7 162.0 1
8 162.0 1
10 162.0 1
12 162.0 1
14 162.0 1
15 162.0 1
16 162.0 1
4 162.1 1
11 162.1 1
17 162.1 1
21 162.1 1
3 162.2 1
6 162.2 1
9 162.2 1
13 162.2 1
19 162.2 1
22 162.2 1
2 162.3 1
24 162.3 1
20 162.4 1
23 162.4 1
5 162.5 1
7 162.5 1
12 162.5 1
16 162.5 1
18 162.5 1
1 162.6 1
8 162.6 1
10 162.6 1
14 162.6 1
9 162.7 1
15 162.7 1
17 162.7 1
21 162.7 1
2 162.8 1
3 162.8 1
6 162.8 1
11 162.8 1
13 162.8 1
22 162.8 1
4 162.9 1
19 162.9 1
20 162.9 1
24 162.9 1
5 163.0 1
7 163.1 1
8 163.1 1
9 163.1 1
10 163.1 1
12 163.1 1
16 163.1 1
18 163.1 1
23 163.1 1
1 163.3 1
2 163.3 1
6 163.3 1
13 163.3 1
14 163.3 1
15 163.3 1
17 163.3 1
21 163.3 1
22 163.3 1
3 163.4 1
11 163.4 1
20 163.4 1
19 163.5 1
24 163.5 1
5 163.6 1
9 163.6 1
16 163.6 1
2 163.7 1
4 163.7 1
7 163.7 1
8 163.7 1
10 163.7 1
12 163.7 1
18 163.7 1
23 163.7 1
1 163.9 1
6 163.9 1
13 163.9 1
14 163.9 1
17 163.9 1
21 163.9 1
22 163.9 1
3 164.0 1
9 164.0 1
11 164.0 1
15 164.0 1
20 164.0 1
5 164.1 1
16 164.1 1
19 164.1 1
24 164.1 1
2 164.2 1
10 164.2 1
7 164.3 1
8 164.3 1
12 164.3 1
18 164.3 1
13 164.4 1
23 164.4 1
4 164.5 1
6 164.5 1
9 164.5 1
14 164.5 1
17 164.5 1
20 164.5 1
21 164.5 1
22 164.5 1
1 164.6 1
3 164.6 1
11 164.6 1
15 164.6 1
16 164.6 1
2 164.7 1
5 164.7 1
10 164.7 1
19 164.7 1
24 164.7 1
7 164.9 1
8 164.9 1
9 164.9 1
12 164.9 1
18 164.9 1
6 165.0 1
13 165.0 1
20 165.0 1
23 165.0 1
14 165.1 1
17 165.1 1
21 165.1 1
22 165.1 1
1 165.2 1
2 165.2 1
3 165.2 1
5 165.2 1
16 165.2 1
24 165.2 1
4 165.3 1
10 165.3 1
11 165.3 1
15 165.3 1
19 165.3 1
9 165.4 1
12 165.4 1
18 165.4 1
7 165.5 1
8 165.5 1
13 165.5 1
6 165.6 1
17 165.6 1
20 165.6 1
23 165.6 1
2 165.7 1
14 165.7 1
16 165.7 1
22 165.7 1
3 165.8 1
5 165.8 1
9 165.8 1
10 165.8 1
21 165.8 1
24 165.8 1
1 165.9 1
11 165.9 1
15 165.9 1
8 166.0 1
12 166.0 1
13 166.0 1
18 166.0 1
19 166.0 1
2 166.1 1
4 166.1 1
7 166.1 1
20 166.1 1
6 166.2 1
16 166.2 1
17 166.2 1
22 166.2 1
5 166.3 1
9 166.3 1
10 166.3 1
14 166.3 1
23 166.3 1
3 166.4 1
21 166.4 1
24 166.4 1
11 166.5 1
1 166.6 1
2 166.6 1
7 166.6 1
8 166.6 1
12 166.6 1
13 166.6 1
15 166.6 1
18 166.6 1
19 166.6 1
9 166.7 1
16 166.7 1
20 166.7 1
5 166.8 1
6 166.8 1
17 166.8 1
22 166.8 1
4 166.9 1
10 166.9 1
14 166.9 1
23 166.9 1
3 167.0 1
21 167.0 1
24 167.0 1
2 167.1 1
11 167.1 1
13 167.1 1
1 167.2 1
7 167.2 1
8 167.2 1
9 167.2 1
12 167.2 1
15 167.2 1
18 167.2 1
19 167.2 1
20 167.2 1
6 167.3 1
16 167.3 1
5 167.4 1
10 167.4 1
17 167.4 1
22 167.4 1
14 167.5 1
2 167.6 1
3 167.6 1
21 167.6 1
23 167.6 1
24 167.6 1
4 167.7 1
9 167.7 1
13 167.7 1
20 167.7 1
7 167.8 1
8 167.8 1
11 167.8 1
12 167.8 1
16 167.8 1
18 167.8 1
19 167.8 1
1 167.9 1
5 167.9 1
6 167.9 1
10 167.9 1
15 167.9 1
2 168.0 1
17 168.0 1
22 168.0 1
9 168.1 1
24 168.1 1
3 168.2 1
13 168.2 1
14 168.2 1
21 168.2 1
23 168.2 1
12 168.3 1
16 168.3 1
20 168.3 1
7 168.4 1
8 168.4 1
11 168.4 1
18 168.4 1
1 168.5 1
2 168.5 1
4 168.5 1
5 168.5 1
6 168.5 1
10 168.5 1
15 168.5 1
19 168.5 1
22 168.5 1
9 168.6 1
17 168.6 1
24 168.7 1
3 168.8 1
13 168.8 1
14 168.8 1
20 168.8 1
21 168.8 1
23 168.8 1
12 168.9 1
16 168.9 1
2 169.0 1
5 169.0 1
6 169.0 1
7 169.0 1
8 169.0 1
9 169.0 1
10 169.0 1
11 169.0 1
18 169.0 1
19 169.1 1
22 169.1 1
1 169.2 1
15 169.2 1
17 169.2 1
4 169.3 1
13 169.3 1
24 169.3 1
3 169.4 1
14 169.4 1
16 169.4 1
20 169.4 1
2 169.5 1
8 169.5 1
9 169.5 1
12 169.5 1
21 169.5 1
23 169.5 1
5 169.6 1
6 169.6 1
7 169.6 1
10 169.6 1
11 169.6 1
18 169.6 1
17 169.7 1
19 169.7 1
22 169.7 1
1 169.8 1
13 169.8 1
15 169.8 1
9 169.9 1
16 169.9 1
20 169.9 1
24 169.9 1
2 170.0 1
3 170.0 1
14 170.0 1
5 170.1 1
8 170.1 1
10 170.1 1
12 170.1 1
21 170.1 1
23 170.1 1
4 170.2 1
6 170.2 1
7 170.2 1
18 170.2 1
11 170.3 1
17 170.3 1
19 170.3 1
22 170.3 1
2 170.4 1
9 170.4 1
13 170.4 1
16 170.4 1
20 170.4 1
1 170.5 1
15 170.5 1
24 170.5 1
3 170.6 1
10 170.6 1
12 170.6 1
14 170.6 1
5 170.7 1
6 170.7 1
7 170.7 1
8 170.7 1
21 170.7 1
9 170.8 1
18 170.8 1
23 170.8 1
2 170.9 1
11 170.9 1
13 170.9 1
17 170.9 1
19 170.9 1
22 170.9 1
4 171.0 1
16 171.0 1
20 171.0 1
24 171.0 1
15 171.1 1
1 171.2 1
3 171.2 1
5 171.2 1
10 171.2 1
12 171.2 1
14 171.2 1
6 171.3 1
7 171.3 1
8 171.3 1
9 171.3 1
21 171.3 1
2 171.4 1
18 171.4 1
22 171.4 1
23 171.4 1
11 171.5 1
13 171.5 1
16 171.5 1
17 171.5 1
20 171.5 1
19 171.6 1
24 171.6 1
9 171.7 1
10 171.7 1
1 171.8 1
3 171.8 1
4 171.8 1
5 171.8 1
12 171.8 1
14 171.8 1
15 171.8 1
2 171.9 1
6 171.9 1
7 171.9 1
8 171.9 1
21 171.9 1
13 172.0 1
16 172.0 1
18 172.0 1
20 172.0 1
22 172.0 1
23 172.0 1
11 172.1 1
17 172.1 1
9 172.2 1
10 172.2 1
19 172.2 1
24 172.2 1
2 172.3 1
5 172.3 1
3 172.4 1
6 172.4 1
8 172.4 1
12 172.4 1
14 172.4 1
15 172.4 1
1 172.5 1
7 172.5 1
18 172.5 1
21 172.5 1
4 172.6 1
13 172.6 1
16 172.6 1
20 172.6 1
22 172.6 1
9 172.7 1
17 172.7 1
23 172.7 1
2 172.8 1
10 172.8 1
11 172.8 1
19 172.8 1
24 172.8 1
5 172.9 1
3 173.0 1
6 173.0 1
8 173.0 1
12 173.0 1
1 173.1 1
7 173.1 1
9 173.1 1
13 173.1 1
14 173.1 1
15 173.1 1
16 173.1 1
18 173.1 1
20 173.1 1
21 173.2 1
22 173.2 1
2 173.3 1
10 173.3 1
17 173.3 1
23 173.3 1
4 173.4 1
5 173.4 1
11 173.4 1
19 173.4 1
24 173.4 1
12 173.5 1
3 173.6 1
6 173.6 1
8 173.6 1
9 173.6 1
13 173.6 1
16 173.6 1
7 173.7 1
14 173.7 1
15 173.7 1
18 173.7 1
20 173.7 1
22 173.7 1
1 173.8 1
2 173.8 1
17 173.8 1
21 173.8 1
10 173.9 1
24 173.9 1
5 174.0 1
9 174.0 1
11 174.0 1
23 174.0 1
12 174.1 1
16 174.1 1
19 174.1 1
3 174.2 1
4 174.2 1
6 174.2 1
7 174.2 1
8 174.2 1
13 174.2 1
20 174.2 1
2 174.3 1
14 174.3 1
18 174.3 1
22 174.3 1
1 174.4 1
10 174.4 1
15 174.4 1
17 174.4 1
21 174.4 1
5 174.5 1
9 174.5 1
24 174.5 1
11 174.6 1
23 174.6 1
2 174.7 1
6 174.7 1
12 174.7 1
13 174.7 1
16 174.7 1
19 174.7 1
20 174.7 1
3 174.8 1
7 174.8 1
8 174.8 1
9 174.9 1
10 174.9 1
14 174.9 1
18 174.9 1
22 174.9 1
4 175.0 1
15 175.0 1
17 175.0 1
21 175.0 1
1 175.1 1
5 175.1 1
24 175.1 1
2 175.2 1
16 175.2 1
23 175.2 1
6 175.3 1
8 175.3 1
11 175.3 1
12 175.3 1
13 175.3 1
19 175.3 1
20 175.3 1
3 175.4 1
7 175.4 1
9 175.4 1
10 175.5 1
14 175.5 1
18 175.5 1
22 175.5 1
5 175.6 1
17 175.6 1
21 175.6 1
2 175.7 1
15 175.7 1
16 175.7 1
24 175.7 1
1 175.8 1
4 175.8 1
9 175.8 1
13 175.8 1
20 175.8 1
6 175.9 1
8 175.9 1
11 175.9 1
12 175.9 1
19 175.9 1
23 175.9 1
3 176.0 1
7 176.0 1
10 176.0 1
14 176.1 1
18 176.1 1
22 176.1 1
2 176.2 1
5 176.2 1
17 176.2 1
21 176.2 1
9 176.3 1
15 176.3 1
16 176.3 1
20 176.3 1
24 176.3 1
1 176.4 1
6 176.4 1
12 176.4 1
13 176.4 1
8 176.5 1
10 176.5 1
11 176.5 1
23 176.5 1
2 176.6 1
3 176.6 1
4 176.6 1
7 176.6 1
19 176.6 1
22 176.6 1
5 176.7 1
9 176.7 1
14 176.7 1
18 176.7 1
16 176.8 1
17 176.8 1
13 176.9 1
20 176.9 1
21 176.9 1
24 176.9 1
6 177.0 1
12 177.0 1
15 177.0 1
1 177.1 1
2 177.1 1
8 177.1 1
10 177.1 1
11 177.1 1
3 177.2 1
7 177.2 1
9 177.2 1
19 177.2 1
22 177.2 1
23 177.2 1
5 177.3 1
14 177.3 1
16 177.3 1
18 177.3 1
4 177.4 1
13 177.4 1
17 177.4 1
20 177.4 1
24 177.4 1
21 177.5 1
2 177.6 1
6 177.6 1
10 177.6 1
12 177.6 1
15 177.6 1
1 177.7 1
8 177.7 1
9 177.7 1
3 177.8 1
5 177.8 1
7 177.8 1
11 177.8 1
16 177.8 1
19 177.8 1
22 177.8 1
23 177.8 1
18 177.9 1
13 178.0 1
14 178.0 1
17 178.0 1
20 178.0 1
24 178.0 1
2 178.1 1
6 178.1 1
9 178.1 1
21 178.1 1
4 178.2 1
8 178.2 1
10 178.2 1
12 178.2 1
5 178.3 1
7 178.3 1
15 178.3 1
1 178.4 1
3 178.4 1
11 178.4 1
16 178.4 1
19 178.4 1
22 178.4 1
23 178.4 1
13 178.5 1
17 178.5 1
18 178.5 1
20 178.5 1
2 178.6 1
9 178.6 1
14 178.6 1
24 178.6 1
6 178.7 1
10 178.7 1
21 178.7 1
8 178.8 1
12 178.8 1
5 178.9 1
7 178.9 1
15 178.9 1
16 178.9 1
22 178.9 1
1 179.0 1
2 179.0 1
3 179.0 1
4 179.0 1
9 179.0 1
11 179.0 1
19 179.0 1
20 179.0 1
13 179.1 1
17 179.1 1
18 179.1 1
23 179.1 1
10 179.2 1
14 179.2 1
24 179.2 1
6 179.3 1
12 179.3 1
21 179.3 1
5 179.4 1
8 179.4 1
16 179.4 1
2 179.5 1
7 179.5 1
9 179.5 1
22 179.5 1
3 179.6 1
11 179.6 1
13 179.6 1
15 179.6 1
18 179.6 1
20 179.6 1
1 179.7 1
17 179.7 1
19 179.7 1
23 179.7 1
10 179.8 1
14 179.8 1
24 179.8 1
4 179.9 1
6 179.9 1
9 179.9 1
12 179.9 1
21 179.9 1
2 180.0 1
5 180.0 1
8 180.0 1
16 180.0 1
7 180.1 1
20 180.1 1
22 180.1 1
3 180.2 1
13 180.2 1
15 180.2 1
18 180.2 1
10 180.3 1
11 180.3 1
17 180.3 1
19 180.3 1
24 180.3 1
1 180.4 1
6 180.4 1
9 180.4 1
14 180.4 1
23 180.4 1
2 180.5 1
5 180.5 1
12 180.5 1
16 180.5 1
8 180.6 1
21 180.6 1
4 180.7 1
7 180.7 1
13 180.7 1
20 180.7 1
22 180.7 1
3 180.8 1
9 180.8 1
10 180.8 1
18 180.8 1
2 180.9 1
11 180.9 1
15 180.9 1
17 180.9 1
19 180.9 1
24 180.9 1
1 181.0 1
6 181.0 1
14 181.0 1
16 181.0 1
23 181.0 1
5 181.1 1
12 181.1 1
8 181.2 1
20 181.2 1
21 181.2 1
7 181.3 1
9 181.3 1
13 181.3 1
22 181.3 1
2 181.4 1
3 181.4 1
10 181.4 1
18 181.4 1
4 181.5 1
11 181.5 1
15 181.5 1
16 181.5 1
17 181.5 1
19 181.5 1
24 181.5 1
5 181.6 1
6 181.6 1
14 181.6 1
23 181.6 1
1 181.7 1
8 181.7 1
9 181.7 1
12 181.7 1
20 181.7 1
13 181.8 1
21 181.8 1
22 181.8 1
2 181.9 1
7 181.9 1
10 181.9 1
3 182.0 1
18 182.0 1
6 182.1 1
11 182.1 1
16 182.1 1
17 182.1 1
24 182.1 1
5 182.2 1
9 182.2 1
12 182.2 1
14 182.2 1
15 182.2 1
19 182.2 1
1 182.3 1
4 182.3 1
8 182.3 1
13 182.3 1
20 182.3 1
23 182.3 1
2 182.4 1
7 182.4 1
10 182.4 1
21 182.4 1
22 182.4 1
3 182.6 1
16 182.6 1
17 182.6 1
18 182.6 1
5 182.7 1
6 182.7 1
9 182.7 1
11 182.7 1
24 182.7 1
12 182.8 1
15 182.8 1
19 182.8 1
20 182.8 1
2 182.9 1
8 182.9 1
13 182.9 1
14 182.9 1
23 182.9 1
1 183.0 1
7 183.0 1
10 183.0 1
21 183.0 1
22 183.0 1
4 183.1 1
9 183.1 1
16 183.1 1
3 183.2 1
17 183.2 1
18 183.2 1
24 183.2 1
2 183.3 1
5 183.3 1
6 183.3 1
20 183.3 1
11 183.4 1
12 183.4 1
13 183.4 1
19 183.4 1
8 183.5 1
10 183.5 1
14 183.5 1
15 183.5 1
1 183.6 1
7 183.6 1
9 183.6 1
16 183.6 1
21 183.6 1
22 183.6 1
23 183.6 1
2 183.8 1
3 183.8 1
5 183.8 1
6 183.8 1
17 183.8 1
18 183.8 1
24 183.8 1
4 183.9 1
20 183.9 1
9 184.0 1
11 184.0 1
12 184.0 1
13 184.0 1
19 184.0 1
8 184.1 1
10 184.1 1
14 184.1 1
15 184.1 1
22 184.1 1
7 184.2 1
16 184.2 1
23 184.2 1
1 184.3 1
2 184.3 1
21 184.3 1
3 184.4 1
5 184.4 1
6 184.4 1
17 184.4 1
18 184.4 1
20 184.4 1
24 184.4 1
9 184.5 1
12 184.5 1
13 184.5 1
8 184.6 1
10 184.6 1
11 184.6 1
19 184.6 1
4 184.7 1
14 184.7 1
16 184.7 1
22 184.7 1
2 184.8 1
7 184.8 1
15 184.8 1
5 184.9 1
9 184.9 1
21 184.9 1
23 184.9 1
1 185.0 1
3 185.0 1
6 185.0 1
17 185.0 1
18 185.0 1
20 185.0 1
24 185.0 1
10 185.1 1
12 185.1 1
13 185.1 1
2 185.2 1
8 185.2 1
11 185.2 1
16 185.2 1
14 185.3 1
19 185.3 1
22 185.3 1
7 185.4 1
9 185.4 1
15 185.4 1
4 185.5 1
5 185.5 1
20 185.5 1
21 185.5 1
23 185.5 1
1 185.6 1
3 185.6 1
6 185.6 1
13 185.6 1
17 185.6 1
18 185.6 1
24 185.6 1
2 185.7 1
10 185.7 1
12 185.7 1
8 185.8 1
9 185.8 1
16 185.8 1
11 185.9 1
14 185.9 1
19 185.9 1
22 185.9 1
5 186.0 1
7 186.0 1
20 186.0 1
6 186.1 1
13 186.1 1
15 186.1 1
21 186.1 1
23 186.1 1
24 186.1 1
2 186.2 1
3 186.2 1
10 186.2 1
17 186.2 1
18 186.2 1
1 186.3 1
4 186.3 1
9 186.3 1
12 186.3 1
16 186.3 1
8 186.4 1
7 186.5 1
11 186.5 1
14 186.5 1
19 186.5 1
22 186.5 1
5 186.6 1
20 186.6 1
2 186.7 1
6 186.7 1
9 186.7 1
10 186.7 1
13 186.7 1
15 186.7 1
17 186.7 1
18 186.7 1
21 186.7 1
24 186.7 1
3 186.8 1
16 186.8 1
23 186.8 1
1 186.9 1
12 186.9 1
8 187.0 1
22 187.0 1
4 187.1 1
5 187.1 1
7 187.1 1
11 187.1 1
14 187.1 1
19 187.1 1
20 187.1 1
2 187.2 1
9 187.2 1
13 187.2 1
6 187.3 1
10 187.3 1
16 187.3 1
17 187.3 1
18 187.3 1
21 187.3 1
24 187.3 1
3 187.4 1
12 187.4 1
15 187.4 1
23 187.4 1
8 187.5 1
1 187.6 1
2 187.6 1
20 187.6 1
22 187.6 1
5 187.7 1
7 187.7 1
9 187.7 1
11 187.7 1
14 187.7 1
6 187.8 1
10 187.8 1
13 187.8 1
19 187.8 1
4 187.9 1
16 187.9 1
17 187.9 1
18 187.9 1
24 187.9 1
3 188.0 1
12 188.0 1
15 188.0 1
21 188.0 1
2 188.1 1
8 188.1 1
9 188.1 1
23 188.1 1
1 188.2 1
5 188.2 1
20 188.2 1
22 188.2 1
7 188.3 1
13 188.3 1
6 188.4 1
10 188.4 1
11 188.4 1
14 188.4 1
16 188.4 1
19 188.4 1
17 188.5 1
18 188.5 1
24 188.5 1
2 188.6 1
3 188.6 1
9 188.6 1
12 188.6 1
21 188.6 1
4 188.7 1
5 188.7 1
8 188.7 1
15 188.7 1
20 188.7 1
23 188.7 1
22 188.8 1
1 188.9 1
7 188.9 1
10 188.9 1
13 188.9 1
16 188.9 1
6 189.0 1
9 189.0 1
11 189.0 1
14 189.0 1
19 189.0 1
24 189.0 1
2 189.1 1
17 189.1 1
18 189.1 1
3 189.2 1
12 189.2 1
21 189.2 1
5 189.3 1
8 189.3 1
15 189.3 1
20 189.3 1
22 189.3 1
23 189.3 1
10 189.4 1
13 189.4 1
1 189.5 1
2 189.5 1
6 189.5 1
7 189.5 1
9 189.5 1
16 189.5 1
4 189.6 1
11 189.6 1
14 189.6 1
19 189.6 1
24 189.6 1
17 189.7 1
18 189.7 1
3 189.8 1
5 189.8 1
12 189.8 1
20 189.8 1
21 189.8 1
8 189.9 1
9 189.9 1
13 189.9 1
22 189.9 1
2 190.0 1
10 190.0 1
15 190.0 1
16 190.0 1
23 190.0 1
6 190.1 1
7 190.1 1
1 190.2 1
11 190.2 1
14 190.2 1
19 190.2 1
24 190.2 1
12 190.3 1
17 190.3 1
18 190.3 1
20 190.3 1
3 190.4 1
4 190.4 1
5 190.4 1
9 190.4 1
21 190.4 1
2 190.5 1
8 190.5 1
10 190.5 1
13 190.5 1
16 190.5 1
22 190.5 1
7 190.6 1
15 190.6 1
23 190.6 1
6 190.7 1
9 190.8 1
14 190.8 1
17 190.8 1
24 190.8 1
1 190.9 1
5 190.9 1
11 190.9 1
12 190.9 1
18 190.9 1
19 190.9 1
20 190.9 1
2 191.0 1
3 191.0 1
8 191.0 1
10 191.0 1
13 191.0 1
16 191.0 1
21 191.0 1
22 191.1 1
4 191.2 1
6 191.2 1
7 191.2 1
9 191.3 1
15 191.3 1
23 191.3 1
14 191.4 1
17 191.4 1
20 191.4 1
24 191.4 1
1 191.5 1
2 191.5 1
5 191.5 1
11 191.5 1
12 191.5 1
18 191.5 1
19 191.5 1
3 191.6 1
8 191.6 1
10 191.6 1
13 191.6 1
16 191.6 1
9 191.7 1
21 191.7 1
22 191.7 1
6 191.8 1
7 191.8 1
2 191.9 1
15 191.9 1
23 191.9 1
24 191.9 1
4 192.0 1
5 192.0 1
14 192.0 1
17 192.0 1
20 192.0 1
10 192.1 1
11 192.1 1
12 192.1 1
13 192.1 1
16 192.1 1
18 192.1 1
19 192.1 1
1 192.2 1
3 192.2 1
8 192.2 1
9 192.2 1
22 192.2 1
21 192.3 1
2 192.4 1
6 192.4 1
7 192.4 1
20 192.5 1
23 192.5 1
24 192.5 1
5 192.6 1
14 192.6 1
15 192.6 1
16 192.6 1
17 192.6 1
9 192.7 1
10 192.7 1
11 192.7 1
12 192.7 1
13 192.7 1
18 192.7 1
19 192.7 1
1 192.8 1
3 192.8 1
4 192.8 1
8 192.8 1
22 192.8 1
2 192.9 1
21 192.9 1
6 193.0 1
7 193.0 1
20 193.0 1
5 193.1 1
9 193.1 1
24 193.1 1
10 193.2 1
12 193.2 1
13 193.2 1
15 193.2 1
16 193.2 1
17 193.2 1
23 193.2 1
14 193.3 1
18 193.3 1
2 193.4 1
3 193.4 1
8 193.4 1
11 193.4 1
19 193.4 1
22 193.4 1
1 193.5 1
6 193.5 1
21 193.5 1
4 193.6 1
7 193.6 1
9 193.6 1
20 193.6 1
5 193.7 1
10 193.7 1
13 193.7 1
16 193.7 1
24 193.7 1
2 193.8 1
12 193.8 1
15 193.8 1
17 193.8 1
18 193.8 1
23 193.8 1
8 193.9 1
14 193.9 1
3 194.0 1
9 194.0 1
11 194.0 1
19 194.0 1
22 194.0 1
1 194.1 1
6 194.1 1
20 194.1 1
21 194.1 1
5 194.2 1
7 194.2 1
16 194.2 1
2 194.3 1
10 194.3 1
13 194.3 1
24 194.3 1
4 194.4 1
12 194.4 1
17 194.4 1
18 194.4 1
8 194.5 1
9 194.5 1
14 194.5 1
15 194.5 1
22 194.5 1
23 194.5 1
3 194.6 1
11 194.6 1
19 194.6 1
20 194.6 1
6 194.7 1
7 194.7 1
16 194.7 1
1 194.8 1
2 194.8 1
5 194.8 1
10 194.8 1
13 194.8 1
21 194.8 1
24 194.8 1
9 194.9 1
17 194.9 1
12 195.0 1
18 195.0 1
8 195.1 1
14 195.1 1
15 195.1 1
22 195.1 1
23 195.1 1
3 195.2 1
4 195.2 1
6 195.2 1
11 195.2 1
19 195.2 1
20 195.2 1
2 195.3 1
5 195.3 1
7 195.3 1
10 195.3 1
16 195.3 1
9 195.4 1
13 195.4 1
21 195.4 1
24 195.4 1
1 195.5 1
17 195.5 1
12 195.6 1
18 195.6 1
8 195.7 1
14 195.7 1
20 195.7 1
22 195.7 1
23 195.7 1
2 195.8 1
3 195.8 1
6 195.8 1
9 195.8 1
15 195.8 1
16 195.8 1
19 195.8 1
5 195.9 1
7 195.9 1
10 195.9 1
11 195.9 1
13 195.9 1
4 196.0 1
21 196.0 1
24 196.0 1
1 196.1 1
12 196.1 1
17 196.1 1
2 196.2 1
18 196.2 1
8 196.3 1
9 196.3 1
14 196.3 1
16 196.3 1
20 196.3 1
22 196.3 1
3 196.4 1
5 196.4 1
6 196.4 1
10 196.4 1
15 196.4 1
23 196.4 1
7 196.5 1
11 196.5 1
13 196.5 1
19 196.5 1
21 196.6 1
24 196.6 1
2 196.7 1
9 196.7 1
12 196.7 1
17 196.7 1
1 196.8 1
4 196.8 1
8 196.8 1
16 196.8 1
18 196.8 1
20 196.8 1
6 196.9 1
10 196.9 1
14 196.9 1
22 196.9 1
3 197.0 1
5 197.0 1
13 197.0 1
23 197.0 1
7 197.1 1
11 197.1 1
15 197.1 1
19 197.1 1
2 197.2 1
9 197.2 1
21 197.2 1
24 197.2 1
12 197.3 1
17 197.3 1
20 197.3 1
1 197.4 1
8 197.4 1
16 197.4 1
18 197.4 1
22 197.4 1
5 197.5 1
6 197.5 1
10 197.5 1
13 197.5 1
14 197.5 1
3 197.6 1
4 197.6 1
2 197.7 1
7 197.7 1
9 197.7 1
11 197.7 1
15 197.7 1
19 197.7 1
23 197.7 1
24 197.7 1
21 197.8 1
12 197.9 1
16 197.9 1
17 197.9 1
20 197.9 1
8 198.0 1
10 198.0 1
18 198.0 1
22 198.0 1
1 198.1 1
2 198.1 1
5 198.1 1
6 198.1 1
9 198.1 1
13 198.1 1
3 198.2 1
7 198.2 1
14 198.2 1
19 198.3 1
23 198.3 1
24 198.3 1
4 198.4 1
11 198.4 1
12 198.4 1
15 198.4 1
16 198.4 1
20 198.4 1
17 198.5 1
21 198.5 1
2 198.6 1
5 198.6 1
8 198.6 1
9 198.6 1
10 198.6 1
13 198.6 1
18 198.6 1
22 198.6 1
1 198.7 1
6 198.7 1
3 198.8 1
7 198.8 1
14 198.8 1
20 198.9 1
23 198.9 1
24 198.9 1
9 199.0 1
11 199.0 1
12 199.0 1
15 199.0 1
16 199.0 1
17 199.0 1
19 199.0 1
2 199.1 1
10 199.1 1
21 199.1 1
5 199.2 1
6 199.2 1
8 199.2 1
13 199.2 1
18 199.2 1
22 199.2 1
4 199.3 1
1 199.4 1
3 199.4 1
7 199.4 1
14 199.4 1
9 199.5 1
16 199.5 1
20 199.5 1
24 199.5 1
2 199.6 1
10 199.6 1
11 199.6 1
12 199.6 1
17 199.6 1
19 199.6 1
23 199.6 1
5 199.7 1
13 199.7 1
15 199.7 1
21 199.7 1
22 199.7 1
6 199.8 1
8 199.8 1
18 199.8 1
9 199.9 1
2 200.0 1
3 200.0 1
7 200.0 1
14 200.0 1
16 200.0 1
20 200.0 1
1 200.1 1
4 200.1 1
24 200.1 1
5 200.2 1
10 200.2 1
11 200.2 1
12 200.2 1
17 200.2 1
19 200.2 1
23 200.2 1
8 200.3 1
13 200.3 1
15 200.3 1
21 200.3 1
22 200.3 1
6 200.4 1
9 200.4 1
18 200.4 1
2 200.5 1
16 200.5 1
3 200.6 1
7 200.6 1
14 200.6 1
20 200.6 1
24 200.6 1
1 200.7 1
10 200.7 1
5 200.8 1
9 200.8 1
12 200.8 1
13 200.8 1
17 200.8 1
19 200.8 1
4 200.9 1
6 200.9 1
8 200.9 1
11 200.9 1
18 200.9 1
21 200.9 1
22 200.9 1
23 200.9 1
2 201.0 1
15 201.0 1
16 201.1 1
20 201.1 1
3 201.2 1
7 201.2 1
10 201.2 1
14 201.2 1
24 201.2 1
5 201.3 1
9 201.3 1
12 201.3 1
13 201.3 1
1 201.4 1
17 201.4 1
19 201.4 1
2 201.5 1
6 201.5 1
8 201.5 1
11 201.5 1
18 201.5 1
21 201.5 1
22 201.5 1
23 201.5 1
15 201.6 1
16 201.6 1
20 201.6 1
4 201.7 1
9 201.7 1
3 201.8 1
7 201.8 1
10 201.8 1
14 201.8 1
24 201.8 1
5 201.9 1
12 201.9 1
13 201.9 1
1 202.0 1
2 202.0 1
17 202.0 1
6 202.1 1
8 202.1 1
11 202.1 1
16 202.1 1
18 202.1 1
19 202.1 1
22 202.1 1
23 202.1 1
9 202.2 1
20 202.2 1
21 202.2 1
7 202.3 1
10 202.3 1
15 202.3 1
2 202.4 1
3 202.4 1
5 202.4 1
13 202.4 1
14 202.4 1
24 202.4 1
4 202.5 1
12 202.5 1
6 202.6 1
17 202.6 1
22 202.6 1
1 202.7 1
8 202.7 1
9 202.7 1
11 202.7 1
16 202.7 1
18 202.7 1
19 202.7 1
20 202.7 1
21 202.8 1
23 202.8 1
2 202.9 1
7 202.9 1
10 202.9 1
15 202.9 1
3 203.0 1
5 203.0 1
13 203.0 1
24 203.0 1
9 203.1 1
12 203.1 1
14 203.1 1
17 203.1 1
6 203.2 1
8 203.2 1
16 203.2 1
22 203.2 1
1 203.3 1
4 203.3 1
18 203.3 1
19 203.3 1
20 203.3 1
2 203.4 1
10 203.4 1
11 203.4 1
21 203.4 1
23 203.4 1
5 203.5 1
7 203.5 1
13 203.5 1
3 203.6 1
9 203.6 1
15 203.6 1
24 203.6 1
12 203.7 1
14 203.7 1
16 203.7 1
17 203.7 1
6 203.8 1
8 203.8 1
20 203.8 1
22 203.8 1
2 203.9 1
10 203.9 1
18 203.9 1
19 203.9 1
1 204.0 1
9 204.0 1
11 204.0 1
21 204.0 1
4 204.1 1
5 204.1 1
7 204.1 1
13 204.1 1
23 204.1 1
24 204.1 1
3 204.2 1
12 204.2 1
15 204.2 1
16 204.2 1
2 204.3 1
14 204.3 1
17 204.3 1
20 204.3 1
6 204.4 1
8 204.4 1
22 204.4 1
9 204.5 1
10 204.5 1
18 204.5 1
5 204.6 1
11 204.6 1
13 204.6 1
19 204.6 1
21 204.6 1
1 204.7 1
7 204.7 1
23 204.7 1
24 204.7 1
2 204.8 1
3 204.8 1
12 204.8 1
16 204.8 1
4 204.9 1
6 204.9 1
9 204.9 1
14 204.9 1
15 204.9 1
17 204.9 1
20 204.9 1
22 204.9 1
8 205.0 1
10 205.0 1
13 205.1 1
18 205.1 1
5 205.2 1
11 205.2 1
19 205.2 1
21 205.2 1
1 205.3 1
2 205.3 1
7 205.3 1
16 205.3 1
23 205.3 1
24 205.3 1
3 205.4 1
9 205.4 1
12 205.4 1
20 205.4 1
6 205.5 1
10 205.5 1
14 205.5 1
15 205.5 1
17 205.5 1
22 205.5 1
8 205.6 1
4 205.7 1
5 205.7 1
13 205.7 1
18 205.7 1
2 205.8 1
9 205.8 1
16 205.8 1
19 205.8 1
7 205.9 1
11 205.9 1
20 205.9 1
21 205.9 1
24 205.9 1
1 206.0 1
3 206.0 1
12 206.0 1
23 206.0 1
6 206.1 1
8 206.1 1
10 206.1 1
14 206.1 1
17 206.1 1
22 206.1 1
13 206.2 1
15 206.2 1
2 206.3 1
5 206.3 1
9 206.3 1
18 206.3 1
7 206.4 1
16 206.4 1
19 206.4 1
4 206.5 1
11 206.5 1
20 206.5 1
21 206.5 1
24 206.5 1
1 206.6 1
3 206.6 1
6 206.6 1
10 206.6 1
12 206.6 1
23 206.6 1
2 206.7 1
8 206.7 1
9 206.7 1
14 206.7 1
17 206.7 1
22 206.7 1
5 206.8 1
13 206.8 1
15 206.8 1
16 206.9 1
18 206.9 1
7 207.0 1
20 207.0 1
24 207.0 1
11 207.1 1
12 207.1 1
19 207.1 1
21 207.1 1
2 207.2 1
3 207.2 1
6 207.2 1
9 207.2 1
10 207.2 1
17 207.2 1
1 207.3 1
4 207.3 1
8 207.3 1
13 207.3 1
14 207.3 1
22 207.3 1
23 207.3 1
5 207.4 1
16 207.4 1
18 207.4 1
15 207.5 1
7 207.6 1
20 207.6 1
24 207.6 1
2 207.7 1
9 207.7 1
10 207.7 1
11 207.7 1
12 207.7 1
19 207.7 1
21 207.7 1
3 207.8 1
6 207.8 1
17 207.8 1
22 207.8 1
1 207.9 1
5 207.9 1
8 207.9 1
13 207.9 1
16 207.9 1
23 207.9 1
14 208.0 1
18 208.0 1
4 208.1 1
9 208.1 1
15 208.1 1
20 208.1 1
2 208.2 1
7 208.2 1
10 208.2 1
24 208.2 1
6 208.3 1
12 208.3 1
19 208.3 1
21 208.3 1
3 208.4 1
11 208.4 1
13 208.4 1
17 208.4 1
22 208.4 1
5 208.5 1
8 208.5 1
16 208.5 1
23 208.5 1
1 208.6 1
2 208.6 1
9 208.6 1
14 208.6 1
18 208.6 1
20 208.6 1
7 208.8 1
10 208.8 1
15 208.8 1
24 208.8 1
6 208.9 1
12 208.9 1
13 208.9 1
19 208.9 1
21 208.9 1
3 209.0 1
4 209.0 1
5 209.0 1
9 209.0 1
11 209.0 1
16 209.0 1
17 209.0 1
22 209.0 1
2 209.1 1
8 209.1 1
14 209.2 1
18 209.2 1
20 209.2 1
23 209.2 1
1 209.3 1
10 209.3 1
7 209.4 1
12 209.4 1
15 209.4 1
24 209.4 1
6 209.5 1
9 209.5 1
13 209.5 1
16 209.5 1
19 209.5 1
2 209.6 1
3 209.6 1
5 209.6 1
8 209.6 1
11 209.6 1
17 209.6 1
21 209.6 1
22 209.6 1
20 209.7 1
4 209.8 1
10 209.8 1
14 209.8 1
18 209.8 1
23 209.8 1
1 209.9 1
9 209.9 1
24 209.9 1
6 210.0 1
7 210.0 1
12 210.0 1
13 210.0 1
2 210.1 1
5 210.1 1
15 210.1 1
16 210.1 1
22 210.1 1
3 210.2 1
8 210.2 1
11 210.2 1
17 210.2 1
19 210.2 1
20 210.2 1
21 210.2 1
9 210.4 1
10 210.4 1
14 210.4 1
18 210.4 1
7 210.5 1
23 210.5 1
24 210.5 1
1 210.6 1
2 210.6 1
4 210.6 1
5 210.6 1
6 210.6 1
12 210.6 1
13 210.6 1
16 210.6 1
15 210.7 1
22 210.7 1
3 210.8 1
8 210.8 1
9 210.8 1
11 210.8 1
17 210.8 1
19 210.8 1
20 210.8 1
21 210.8 1
10 210.9 1
2 211.0 1
14 211.0 1
18 211.0 1
7 211.1 1
13 211.1 1
16 211.1 1
23 211.1 1
24 211.1 1
1 211.2 1
5 211.2 1
6 211.2 1
12 211.2 1
9 211.3 1
20 211.3 1
22 211.3 1
3 211.4 1
4 211.4 1
8 211.4 1
10 211.4 1
15 211.4 1
17 211.4 1
19 211.4 1
21 211.4 1
2 211.5 1
11 211.5 1
14 211.6 1
16 211.6 1
18 211.6 1
5 211.7 1
7 211.7 1
9 211.7 1
13 211.7 1
23 211.7 1
24 211.7 1
6 211.8 1
12 211.8 1
1 211.9 1
17 211.9 1
20 211.9 1
22 211.9 1
2 212.0 1
3 212.0 1
8 212.0 1
10 212.0 1
15 212.0 1
19 212.0 1
21 212.0 1
11 212.1 1
4 212.2 1
9 212.2 1
13 212.2 1
14 212.2 1
16 212.2 1
18 212.2 1
5 212.3 1
6 212.3 1
7 212.3 1
12 212.3 1
24 212.3 1
20 212.4 1
23 212.4 1
1 212.5 1
2 212.5 1
8 212.5 1
10 212.5 1
17 212.5 1
22 212.5 1
3 212.6 1
21 212.6 1
9 212.7 1
11 212.7 1
13 212.7 1
15 212.7 1
16 212.7 1
19 212.7 1
5 212.8 1
18 212.8 1
24 212.8 1
2 212.9 1
6 212.9 1
7 212.9 1
12 212.9 1
14 212.9 1
20 212.9 1
4 213.0 1
22 213.0 1
23 213.0 1
8 213.1 1
9 213.1 1
10 213.1 1
17 213.1 1
1 213.2 1
3 213.2 1
16 213.2 1
11 213.3 1
13 213.3 1
15 213.3 1
19 213.3 1
21 213.3 1
2 213.4 1
5 213.4 1
18 213.4 1
24 213.4 1
6 213.5 1
7 213.5 1
12 213.5 1
14 213.5 1
20 213.5 1
9 213.6 1
10 213.6 1
22 213.6 1
8 213.7 1
16 213.7 1
17 213.7 1
23 213.7 1
1 213.8 1
3 213.8 1
4 213.8 1
13 213.8 1
2 213.9 1
5 213.9 1
19 213.9 1
21 213.9 1
6 214.0 1
9 214.0 1
11 214.0 1
15 214.0 1
18 214.0 1
20 214.0 1
24 214.0 1
7 214.1 1
10 214.1 1
12 214.1 1
14 214.1 1
22 214.2 1
8 214.3 1
16 214.3 1
17 214.3 1
23 214.3 1
2 214.4 1
3 214.4 1
13 214.4 1
1 214.5 1
5 214.5 1
9 214.5 1
18 214.5 1
19 214.5 1
21 214.5 1
4 214.6 1
6 214.6 1
7 214.6 1
11 214.6 1
15 214.6 1
20 214.6 1
24 214.6 1
10 214.7 1
12 214.7 1
14 214.7 1
16 214.8 1
22 214.8 1
2 214.9 1
8 214.9 1
9 214.9 1
13 214.9 1
17 214.9 1
3 215.0 1
5 215.0 1
23 215.0 1
18 215.1 1
19 215.1 1
20 215.1 1
21 215.1 1
1 215.2 1
6 215.2 1
7 215.2 1
10 215.2 1
11 215.2 1
12 215.2 1
24 215.2 1
2 215.3 1
14 215.3 1
15 215.3 1
16 215.3 1
22 215.3 1
4 215.4 1
8 215.4 1
9 215.4 1
13 215.5 1
17 215.5 1
3 215.6 1
5 215.6 1
20 215.6 1
23 215.6 1
6 215.7 1
10 215.7 1
18 215.7 1
21 215.7 1
24 215.7 1
1 215.8 1
2 215.8 1
7 215.8 1
9 215.8 1
11 215.8 1
12 215.8 1
19 215.8 1
14 215.9 1
15 215.9 1
16 215.9 1
22 215.9 1
8 216.0 1
13 216.0 1
17 216.0 1
5 216.1 1
3 216.2 1
4 216.2 1
20 216.2 1
23 216.2 1
2 216.3 1
6 216.3 1
9 216.3 1
10 216.3 1
18 216.3 1
21 216.3 1
24 216.3 1
7 216.4 1
12 216.4 1
16 216.4 1
19 216.4 1
1 216.5 1
11 216.5 1
14 216.5 1
22 216.5 1
8 216.6 1
13 216.6 1
15 216.6 1
17 216.6 1
5 216.7 1
9 216.7 1
20 216.7 1
2 216.8 1
3 216.8 1
10 216.8 1
6 216.9 1
16 216.9 1
18 216.9 1
23 216.9 1
24 216.9 1
4 217.0 1
7 217.0 1
12 217.0 1
19 217.0 1
21 217.0 1
1 217.1 1
11 217.1 1
13 217.1 1
14 217.1 1
22 217.1 1
2 217.2 1
5 217.2 1
8 217.2 1
9 217.2 1
15 217.2 1
17 217.2 1
20 217.2 1
3 217.4 1
10 217.4 1
16 217.4 1
6 217.5 1
18 217.5 1
23 217.5 1
24 217.5 1
7 217.6 1
12 217.6 1
13 217.6 1
19 217.6 1
21 217.6 1
2 217.7 1
9 217.7 1
11 217.7 1
22 217.7 1
1 217.8 1
4 217.8 1
5 217.8 1
8 217.8 1
14 217.8 1
17 217.8 1
20 217.8 1
10 217.9 1
15 217.9 1
3 218.0 1
6 218.0 1
16 218.0 1
7 218.1 1
9 218.1 1
12 218.1 1
18 218.1 1
24 218.1 1
2 218.2 1
13 218.2 1
21 218.2 1
22 218.2 1
23 218.2 1
5 218.3 1
11 218.3 1
19 218.3 1
20 218.3 1
1 218.4 1
8 218.4 1
10 218.4 1
14 218.4 1
17 218.4 1
15 218.5 1
16 218.5 1
3 218.6 1
6 218.6 1
9 218.6 1
24 218.6 1
2 218.7 1
4 218.7 1
7 218.7 1
12 218.7 1
13 218.7 1
18 218.7 1
21 218.8 1
22 218.8 1
23 218.8 1
5 218.9 1
8 218.9 1
19 218.9 1
20 218.9 1
9 219.0 1
10 219.0 1
11 219.0 1
14 219.0 1
16 219.0 1
17 219.0 1
1 219.1 1
2 219.2 1
3 219.2 1
6 219.2 1
15 219.2 1
24 219.2 1
7 219.3 1
12 219.3 1
13 219.3 1
18 219.3 1
5 219.4 1
20 219.4 1
21 219.4 1
22 219.4 1
23 219.4 1
4 219.5 1
8 219.5 1
9 219.5 1
10 219.5 1
19 219.5 1
2 219.6 1
11 219.6 1
14 219.6 1
16 219.6 1
17 219.6 1
6 219.7 1
1 219.8 1
3 219.8 1
13 219.8 1
15 219.8 1
24 219.8 1
7 219.9 1
9 219.9 1
12 219.9 1
18 219.9 1
20 219.9 1
5 220.0 1
10 220.0 1
21 220.0 1
22 220.0 1
2 220.1 1
8 220.1 1
16 220.1 1
17 220.1 1
19 220.1 1
23 220.1 1
11 220.2 1
14 220.2 1
4 220.3 1
6 220.3 1
1 220.4 1
3 220.4 1
9 220.4 1
13 220.4 1
24 220.4 1
5 220.5 1
7 220.5 1
12 220.5 1
15 220.5 1
18 220.5 1
20 220.5 1
22 220.5 1
2 220.6 1
10 220.6 1
16 220.6 1
8 220.7 1
17 220.7 1
19 220.7 1
21 220.7 1
23 220.7 1
9 220.8 1
11 220.8 1
14 220.8 1
6 220.9 1
13 220.9 1
3 221.0 1
12 221.0 1
20 221.0 1
24 221.0 1
1 221.1 1
2 221.1 1
4 221.1 1
5 221.1 1
7 221.1 1
10 221.1 1
15 221.1 1
16 221.1 1
18 221.1 1
22 221.1 1
8 221.3 1
9 221.3 1
17 221.3 1
21 221.3 1
6 221.4 1
13 221.4 1
14 221.4 1
19 221.4 1
23 221.4 1
2 221.5 1
11 221.5 1
20 221.5 1
24 221.5 1
3 221.6 1
5 221.6 1
12 221.6 1
18 221.6 1
1 221.7 1
7 221.7 1
9 221.7 1
10 221.7 1
16 221.7 1
22 221.7 1
8 221.8 1
15 221.8 1
4 221.9 1
17 221.9 1
21 221.9 1
2 222.0 1
6 222.0 1
13 222.0 1
14 222.0 1
19 222.0 1
23 222.0 1
5 222.1 1
11 222.1 1
20 222.1 1
24 222.1 1
3 222.2 1
7 222.2 1
9 222.2 1
10 222.2 1
12 222.2 1
16 222.2 1
18 222.2 1
22 222.3 1
1 222.4 1
8 222.4 1
15 222.4 1
2 222.5 1
13 222.5 1
17 222.5 1
21 222.5 1
6 222.6 1
14 222.6 1
19 222.6 1
20 222.6 1
23 222.6 1
4 222.7 1
5 222.7 1
9 222.7 1
10 222.7 1
11 222.7 1
16 222.7 1
24 222.7 1
3 222.8 1
7 222.8 1
12 222.8 1
18 222.8 1
22 222.9 1
1 223.0 1
2 223.0 1
8 223.0 1
9 223.1 1
13 223.1 1
15 223.1 1
17 223.1 1
21 223.1 1
5 223.2 1
6 223.2 1
19 223.2 1
20 223.2 1
10 223.3 1
11 223.3 1
12 223.3 1
14 223.3 1
16 223.3 1
23 223.3 1
24 223.3 1
3 223.4 1
7 223.4 1
18 223.4 1
22 223.4 1
2 223.5 1
4 223.5 1
8 223.6 1
9 223.6 1
13 223.6 1
1 223.7 1
6 223.7 1
15 223.7 1
17 223.7 1
20 223.7 1
21 223.7 1
5 223.8 1
10 223.8 1
16 223.8 1
2 223.9 1
12 223.9 1
14 223.9 1
19 223.9 1
23 223.9 1
24 223.9 1
3 224.0 1
7 224.0 1
9 224.0 1
11 224.0 1
18 224.0 1
22 224.0 1
8 224.2 1
13 224.2 1
17 224.2 1
20 224.2 1
4 224.3 1
5 224.3 1
6 224.3 1
10 224.3 1
16 224.3 1
1 224.4 1
2 224.4 1
15 224.4 1
21 224.4 1
24 224.4 1
9 224.5 1
12 224.5 1
14 224.5 1
19 224.5 1
3 224.6 1
7 224.6 1
11 224.6 1
18 224.6 1
22 224.6 1
23 224.6 1
8 224.7 1
13 224.7 1
16 224.8 1
17 224.8 1
20 224.8 1
2 224.9 1
5 224.9 1
6 224.9 1
9 224.9 1
10 224.9 1
1 225.0 1
15 225.0 1
21 225.0 1
24 225.0 1
4 225.1 1
12 225.1 1
14 225.1 1
19 225.1 1
3 225.2 1
7 225.2 1
18 225.2 1
22 225.2 1
23 225.2 1
