pedestrianId simTime groupId-PID5
1 0.4 1
2 0.4 1
2 0.9 1
1 1.1 1
2 1.4 1
1 1.7 1
2 1.8 1
2 2.3 1
1 2.4 1
2 2.8 1
1 3.0 1
2 3.3 1
1 3.7 1
2 3.7 1
2 4.2 1
1 4.3 1
2 4.7 1
1 5.0 1
2 5.2 1
1 5.7 1
2 5.7 1
2 6.1 1
1 6.3 1
2 6.6 1
1 7.0 1
2 7.1 1
1 7.6 1
2 7.6 1
2 8.0 1
1 8.3 1
2 8.5 1
1 8.9 1
2 9.0 1
2 9.5 1
1 9.6 1
2 10.0 1
1 10.3 1
2 10.4 1
1 10.9 1
2 10.9 1
2 11.4 1
1 11.6 1
2 11.9 1
1 12.2 1
2 12.3 1
2 12.8 1
1 12.9 1
2 13.3 1
1 13.5 1
2 13.8 1
1 14.2 1
2 14.3 1
2 14.7 1
1 14.8 1
2 15.2 1
1 15.5 1
2 15.7 1
1 16.2 1
2 16.2 1
2 16.6 1
1 16.8 1
2 17.1 1
1 17.5 1
2 17.6 1
1 18.1 1
2 18.1 1
2 18.5 1
1 18.8 1
2 19.0 1
1 19.4 1
2 19.5 1
2 20.0 1
1 20.1 1
2 20.5 1
1 20.8 1
2 20.9 1
1 21.4 1
2 21.4 1
2 21.9 1
1 22.1 1
2 22.4 1
1 22.7 1
2 22.8 1
2 23.3 1
1 23.4 1
2 23.8 1
1 24.0 1
2 24.3 1
1 24.7 1
2 24.8 1
2 25.2 1
1 25.4 1
2 25.7 1
1 26.0 1
2 26.2 1
1 26.7 1
2 26.7 1
2 27.1 1
1 27.3 1
2 27.6 1
1 28.0 1
2 28.1 1
1 28.6 1
2 28.6 1
2 29.1 1
1 29.3 1
2 29.5 1
1 30.0 1
2 30.0 1
2 30.5 1
1 30.6 1
2 31.0 1
1 31.3 1
2 31.4 1
1 31.9 1
2 31.9 1
2 32.4 1
1 32.6 1
2 32.9 1
1 33.2 1
2 33.4 1
2 33.8 1
1 33.9 1
2 34.3 1
1 34.6 1
2 34.8 1
1 35.2 1
2 35.3 1
2 35.7 1
1 35.9 1
2 36.2 1
1 36.5 1
2 36.7 1
1 37.2 1
2 37.2 1
2 37.7 1
1 37.8 1
2 38.1 1
1 38.5 1
2 38.6 1
1 39.1 1
2 39.1 1
2 39.6 1
1 39.8 1
2 40.0 1
1 40.5 1
2 40.5 1
2 41.0 1
1 41.1 1
2 41.5 1
1 41.8 1
2 42.0 1
1 42.4 1
2 42.4 1
